0 0.925 0.7734375 0.15 0.184375
0 0.74140625 0.7625 0.19609375 0.18671875
0 0.459375 0.565625 0.259375 0.2171875
0 0.32734375 0.66796875 0.21015625 0.190625
0 0.146875 0.5796875 0.1984375 0.17890625
0 0.2359375 0.48515625 0.18359375 0.18359375
0 0.059375 0.46640625 0.11875 0.14296875
0 0.07265625 0.3515625 0.1453125 0.13125
0 0.5421875 0.84375 0.19921875 0.190625
0 0.76171875 0.9234375 0.2140625 0.153125
0 0.9375 0.95859375 0.125 0.0828125
0 0.57421875 0.9703125 0.1859375 0.059375
0 0.38828125 0.86953125 0.18515625 0.19140625
0 0.21015625 0.9328125 0.2171875 0.134375
0 0.06484375 0.84375 0.12890625 0.12578125
0 0.05625 0.94453125 0.1125 0.1109375
0 0.18203125 0.7796875 0.2171875 0.16875
0 0.0359375 0.65078125 0.071875 0.13515625
0 0.05234375 0.20546875 0.1046875 0.1765625
0 0.1109375 0.0828125 0.22109375 0.16484375
0 0.31015625 0.17734375 0.20625 0.184375
0 0.37421875 0.35 0.2125 0.18984375
0 0.590625 0.35078125 0.20703125 0.18828125
0 0.6578125 0.54140625 0.16328125 0.18359375
0 0.825 0.5890625 0.22734375 0.22421875
0 0.978125 0.54296875 0.04375 0.1234375
0 0.9546875 0.378125 0.090625 0.1875
0 0.80390625 0.378125 0.17734375 0.18046875
0 0.9359375 0.2125 0.10234375 0.11015625
0 0.765625 0.184375 0.23671875 0.21328125
0 0.415625 0.05859375 0.14140625 0.1171875
0 0.2671875 0.03671875 0.140625 0.0734375
0 0.85 0.05625 0.13515625 0.10390625
0 0.95546875 0.03984375 0.08828125 0.0796875
0 0.6640625 0.03203125 0.16875 0.0640625