0 0.45625 0.5390625 0.2640625 0.22265625
0 0.146875 0.2546875 0.1953125 0.1578125
0 0.4 0.35234375 0.2109375 0.165625
0 0.2234375 0.4375 0.19375 0.171875
0 0.06171875 0.39921875 0.1234375 0.1546875
0 0.79375 0.4546875 0.178125 0.1875
0 0.90859375 0.35 0.1828125 0.240625
0 0.97265625 0.51875 0.0546875 0.0921875
0 0.86875 0.6890625 0.19921875 0.1640625
0 0.659375 0.7171875 0.178125 0.203125
0 0.5078125 0.7671875 0.15234375 0.19140625
0 0.378125 0.83515625 0.146875 0.1625
0 0.22578125 0.9578125 0.1796875 0.084375
0 0.4421875 0.96484375 0.18125 0.0703125
0 0.6203125 0.92265625 0.153125 0.1546875
0 0.78515625 0.92421875 0.1859375 0.1515625
0 0.93984375 0.915625 0.1203125 0.16875
0 0.209375 0.753125 0.05078125 0.0765625
0 0.096875 0.6 0.1890625 0.13671875
0 0.3140625 0.6640625 0.203125 0.1640625
0 0.7 0.25625 0.1734375 0.2109375
0 0.884375 0.15625 0.2265625 0.20703125
0 0.6109375 0.065625 0.25 0.13125
0 0.44609375 0.09765625 0.1421875 0.1953125
0 0.2984375 0.1375 0.23046875 0.2171875
0 0.0828125 0.08203125 0.165625 0.1640625
0 0.21015625 0.02734375 0.1265625 0.0546875