0 0.425 0.525 0.1796875 0.1984375
0 0.17890625 0.38515625 0.18515625 0.19921875
0 0.0421875 0.37421875 0.084375 0.1796875
0 0.37578125 0.2984375 0.1890625 0.23671875
0 0.5421875 0.3546875 0.19921875 0.22109375
0 0.6296875 0.5515625 0.15703125 0.1859375
0 0.78046875 0.36875 0.1609375 0.21796875
0 0.93515625 0.27421875 0.1296875 0.2296875
0 0.95625 0.0640625 0.0875 0.128125
0 0.828125 0.08359375 0.15390625 0.16640625
0 0.62578125 0.03671875 0.1359375 0.0734375
0 0.7265625 0.1640625 0.18671875 0.21171875
0 0.47109375 0.125 0.19296875 0.2328125
0 0.37734375 0.02734375 0.0796875 0.0546875
0 0.2390625 0.0859375 0.16015625 0.171875
0 0.0921875 0.1625 0.13046875 0.11171875
0 0.078125 0.01796875 0.075 0.0359375
0 0.065625 0.575 0.13046875 0.190625
0 0.23046875 0.58515625 0.2265625 0.2390625
0 0.015625 0.77421875 0.03125 0.1203125
0 0.05234375 0.959375 0.1046875 0.08125
0 0.15390625 0.790625 0.16953125 0.20078125
0 0.2078125 0.946875 0.20625 0.10625
0 0.43046875 0.9671875 0.1453125 0.065625
0 0.346875 0.80859375 0.165625 0.2078125
0 0.5140625 0.7484375 0.18828125 0.20234375
0 0.6203125 0.94765625 0.15390625 0.10390625
0 0.85625 0.60390625 0.16171875 0.190625
0 0.95859375 0.51953125 0.0828125 0.19921875
0 0.953125 0.978125 0.09375 0.040625