0 0.29375 0.3296875 0.20703125 0.19921875
0 0.18203125 0.46015625 0.16328125 0.1625
0 0.0359375 0.47890625 0.071875 0.14921875
0 0.521875 0.28984375 0.19765625 0.196875
0 0.73125 0.2640625 0.1734375 0.18203125
0 0.8875 0.1953125 0.1671875 0.15546875
0 0.61640625 0.0875 0.13671875 0.14765625
0 0.41484375 0.07890625 0.16015625 0.1578125
0 0.09140625 0.23046875 0.18203125 0.2484375
0 0.15 0.0203125 0.06484375 0.040625
0 0.95546875 0.37734375 0.08828125 0.15
0 0.80703125 0.475 0.2 0.20625
0 0.6109375 0.509375 0.2046875 0.2296875
0 0.4015625 0.52890625 0.16171875 0.16953125
0 0.259375 0.640625 0.16171875 0.19921875
0 0.06796875 0.63671875 0.1359375 0.1484375
0 0.12890625 0.875 0.17109375 0.20234375
0 0.0265625 0.8953125 0.053125 0.171875
0 0.4765625 0.76796875 0.121875 0.171875
0 0.678125 0.7328125 0.2015625 0.21328125
0 0.87109375 0.68046875 0.16796875 0.1796875