0 0.1453125 0.2984375 0.115625 0.10546875
0 0.340625 0.334375 0.13984375 0.125
0 0.5171875 0.503125 0.14921875 0.12890625
0 0.53828125 0.2640625 0.17734375 0.16796875
0 0.11328125 0.553125 0.134375 0.12890625
0 0.08984375 0.7 0.08984375 0.11328125
0 0.2828125 0.809375 0.11328125 0.10546875
0 0.50234375 0.784375 0.17421875 0.171875
0 0.72578125 0.78203125 0.1234375 0.11640625
0 0.7140625 0.665625 0.1109375 0.12421875
0 0.90703125 0.68203125 0.18046875 0.1453125
0 0.8578125 0.90234375 0.125 0.09140625
0 0.671875 0.95859375 0.16875 0.0828125
0 0.459375 0.95859375 0.11796875 0.0828125
0 0.07734375 0.9453125 0.1484375 0.109375
0 0.9484375 0.4515625 0.103125 0.10390625
0 0.74140625 0.28046875 0.1375 0.1015625
0 0.90703125 0.15546875 0.1109375 0.10625
0 0.334375 0.0875 0.1109375 0.09140625
0 0.0296875 0.02890625 0.059375 0.0578125
0 0.18046875 0.0515625 0.078125 0.06796875
0 0.94921875 0.04609375 0.08203125 0.09140625
0 0.32890625 0.54921875 0.11640625 0.11953125