0 0.07109375 0.11171875 0.14140625 0.2234375
0 0.209375 0.0890625 0.140625 0.178125
0 0.4296875 0.0625 0.215625 0.125
0 0.10703125 0.34921875 0.2140625 0.20234375
0 0.33203125 0.30546875 0.240625 0.21171875
0 0.54296875 0.23125 0.2265625 0.190625
0 0.68359375 0.16640625 0.240625 0.203125
0 0.83828125 0.05078125 0.1234375 0.10078125
0 0.90625 0.18828125 0.1875 0.1578125
0 0.9375 0.4125 0.125 0.16875
0 0.79296875 0.384375 0.234375 0.22890625
0 0.5921875 0.48828125 0.228125 0.25234375
0 0.4171875 0.5625 0.12265625 0.1421875
0 0.2453125 0.5765625 0.2125 0.18828125
0 0.10390625 0.89375 0.2078125 0.2125
0 0.3046875 0.8703125 0.20625 0.2125
0 0.4796875 0.82578125 0.16796875 0.19453125
0 0.68515625 0.759375 0.2296875 0.24921875
0 0.90234375 0.70625 0.19453125 0.23125
0 0.9390625 0.915625 0.121875 0.16875
0 0.73515625 0.95234375 0.2234375 0.0953125
0 0.5890625 0.03125 0.11640625 0.06171875