0 0.24453125 0.6375 0.20859375 0.215625
0 0.11875 0.77421875 0.184375 0.15625
0 0.0375 0.9171875 0.075 0.165625
0 0.41640625 0.5375 0.17109375 0.1890625
0 0.5859375 0.4671875 0.18984375 0.1796875
0 0.79921875 0.4390625 0.17578125 0.1796875
0 0.88359375 0.278125 0.14296875 0.17109375
0 0.978125 0.2375 0.04375 0.128125
0 0.94765625 0.46953125 0.10390625 0.1828125
0 0.8796875 0.6578125 0.1640625 0.175
0 0.98125 0.62734375 0.0375 0.1046875
0 0.6890625 0.70625 0.19375 0.20234375
0 0.5015625 0.75234375 0.196875 0.23828125
0 0.3421875 0.8421875 0.1625 0.15859375
0 0.21953125 0.91328125 0.1671875 0.1734375
0 0.40625 0.9671875 0.128125 0.065625
0 0.61015625 0.94765625 0.1640625 0.10390625
0 0.790625 0.9015625 0.1875 0.196875
0 0.96015625 0.896875 0.0796875 0.18046875
0 0.0609375 0.55234375 0.121875 0.1734375
0 0.17265625 0.41640625 0.1296875 0.15703125
0 0.35 0.36328125 0.1515625 0.1640625
0 0.5203125 0.246875 0.21171875 0.215625
0 0.7109375 0.19921875 0.175 0.1796875
0 0.82734375 0.0765625 0.13046875 0.15234375
0 0.9421875 0.0734375 0.115625 0.146875
0 0.58046875 0.02734375 0.1140625 0.0546875
0 0.42734375 0.06015625 0.1625 0.1203125
0 0.2609375 0.18359375 0.190625 0.19375
0 0.08046875 0.21953125 0.1609375 0.22109375
0 0.034375 0.36875 0.06875 0.1390625
0 0.04609375 0.03203125 0.0921875 0.0640625
0 0.20625 0.02890625 0.140625 0.0578125