0 0.63046875 0.6375 0.12265625 0.10859375
0 0.4484375 0.740625 0.121875 0.1234375
0 0.87421875 0.53984375 0.11171875 0.1484375
0 0.978125 0.41328125 0.04375 0.1484375
0 0.23515625 0.86328125 0.121875 0.0984375
0 0.5953125 0.8265625 0.10859375 0.1171875
0 0.53671875 0.96875 0.0828125 0.0625
0 0.38046875 0.9390625 0.1046875 0.1171875
0 0.828125 0.67421875 0.1 0.11796875
0 0.78671875 0.846875 0.09921875 0.1171875
0 0.953125 0.80703125 0.09375 0.13515625
0 0.96953125 0.640625 0.0609375 0.084375
0 0.90546875 0.2609375 0.109375 0.11640625
0 0.6828125 0.43359375 0.1328125 0.140625
0 0.478125 0.51796875 0.1078125 0.11796875
0 0.0578125 0.590625 0.1109375 0.13984375
0 0.02890625 0.71171875 0.0578125 0.0953125
0 0.3109375 0.53671875 0.10546875 0.11953125
0 0.42109375 0.309375 0.1265625 0.15078125
0 0.58515625 0.1078125 0.1390625 0.16015625
0 0.76796875 0.03984375 0.08203125 0.0796875
0 0.43359375 0.08671875 0.1328125 0.153125
0 0.13203125 0.12578125 0.12890625 0.16015625
0 0.0265625 0.11171875 0.05234375 0.12421875
0 0.096875 0.35234375 0.1109375 0.11796875