0 0.61484375 0.60625 0.11875 0.1015625
0 0.39375 0.60390625 0.14140625 0.10859375
0 0.2203125 0.6546875 0.1515625 0.1390625
0 0.08828125 0.7203125 0.0890625 0.075
0 0.7953125 0.5515625 0.10234375 0.12890625
0 0.97265625 0.51328125 0.05390625 0.0875
0 0.0984375 0.2859375 0.196875 0.284375
0 0.28671875 0.25 0.19921875 0.19609375
0 0.23125 0.0640625 0.196875 0.12734375
0 0.440625 0.06484375 0.20859375 0.1296875
0 0.6359375 0.01953125 0.0984375 0.0390625
0 0.86640625 0.11640625 0.21640625 0.23203125
0 0.04453125 0.90625 0.08359375 0.13671875
0 0.2265625 0.8609375 0.11015625 0.1140625
0 0.36796875 0.87421875 0.12265625 0.1078125
0 0.5671875 0.825 0.12109375 0.1390625
0 0.73203125 0.7625 0.10859375 0.125
0 0.9390625 0.70546875 0.10625 0.1125
0 0.87265625 0.9421875 0.1234375 0.115625
0 0.98671875 0.934375 0.02578125 0.065625
0 0.68046875 0.9578125 0.1109375 0.084375
0 0.5140625 0.9765625 0.08125 0.046875