0 0.06328125 0.053125 0.1265625 0.10546875
0 0.0421875 0.21015625 0.084375 0.15
0 0.059375 0.3609375 0.11875 0.13671875
0 0.00859375 0.465625 0.0171875 0.084375
0 0.03515625 0.6421875 0.0703125 0.140625
0 0.07890625 0.9546875 0.146875 0.08984375
0 0.21953125 0.9609375 0.13125 0.078125
0 0.365625 0.9421875 0.115625 0.115625
0 0.60546875 0.878125 0.125 0.13125
0 0.6375 0.9828125 0.05625 0.034375
0 0.80625 0.94140625 0.140625 0.1171875
0 0.9390625 0.9 0.12109375 0.1484375
0 0.78515625 0.80390625 0.12109375 0.1265625
0 0.5640625 0.71796875 0.12109375 0.13125
0 0.45390625 0.77421875 0.11875 0.146875
0 0.31875 0.815625 0.13671875 0.1421875
0 0.1296875 0.684375 0.1421875 0.134375
0 0.2734375 0.634375 0.1171875 0.1328125
0 0.39375 0.6171875 0.1390625 0.15234375
0 0.55859375 0.56640625 0.125 0.13671875
0 0.09765625 0.50859375 0.1171875 0.13125
0 0.234375 0.4953125 0.125 0.1421875
0 0.38203125 0.41875 0.13125 0.134375
0 0.58203125 0.259375 0.0859375 0.09375
0 0.4578125 0.246875 0.1265625 0.134375
0 0.1375 0.16328125 0.0921875 0.0953125
0 0.403125 0.1078125 0.13125 0.125
0 0.54609375 0.09765625 0.1078125 0.12890625
0 0.36875 0.01484375 0.08984375 0.0296875
0 0.68125 0.0921875 0.140625 0.1171875
0 0.65234375 0.0125 0.05859375 0.025
0 0.696875 0.20234375 0.10546875 0.103125
0 0.7296875 0.3234375 0.1265625 0.1265625
0 0.91015625 0.20234375 0.15625 0.15
0 0.9734375 0.33359375 0.053125 0.1015625
0 0.8078125 0.0484375 0.121875 0.096875
0 0.903125 0.01484375 0.0765625 0.0296875
0 0.1796875 0.3390625 0.1171875 0.1234375
0 0.1859375 0.840625 0.09765625 0.1109375