0 0.0640625 0.028125 0.128125 0.05625
0 0.0234375 0.2265625 0.046875 0.13671875
0 0.0625 0.390625 0.1171875 0.15625
0 0.0296875 0.71796875 0.05859375 0.1109375
0 0.05859375 0.98203125 0.0953125 0.0359375
0 0.8 0.98515625 0.09375 0.0296875
0 0.98125 0.8375 0.0375 0.10625
0 0.98515625 0.371875 0.0296875 0.115625
0 0.471875 0.015625 0.1078125 0.03125
0 0.3015625 0.021875 0.0765625 0.04296875
0 0.2046875 0.03203125 0.125 0.0640625
0 0.115625 0.134375 0.12109375 0.109375
0 0.240625 0.14921875 0.12109375 0.115625
0 0.38125 0.1625 0.140625 0.13671875
0 0.5296875 0.1484375 0.140625 0.1328125
0 0.6671875 0.0890625 0.115625 0.13125
0 0.78046875 0.05625 0.1296875 0.1125
0 0.934375 0.0609375 0.1265625 0.12109375
0 0.9515625 0.209375 0.096875 0.15
0 0.8328125 0.190625 0.13125 0.15
0 0.72265625 0.2328125 0.12890625 0.15234375
0 0.58203125 0.2984375 0.12890625 0.140625
0 0.459375 0.30390625 0.125 0.15
0 0.1515625 0.27734375 0.13125 0.109375
0 0.30390625 0.31953125 0.146875 0.11875
0 0.0765625 0.559375 0.1484375 0.15
0 0.2296875 0.490625 0.1109375 0.140625
0 0.3453125 0.4921875 0.1328125 0.15234375
0 0.4921875 0.48046875 0.13671875 0.14453125
0 0.6609375 0.475 0.146875 0.15625
0 0.7796875 0.365625 0.14453125 0.1640625
0 0.9015625 0.33515625 0.1109375 0.1421875
0 0.8109375 0.54375 0.1171875 0.134375
0 0.93515625 0.51484375 0.1296875 0.1609375
0 0.13671875 0.75078125 0.15234375 0.15
0 0.19453125 0.93515625 0.1265625 0.1296875
0 0.04765625 0.8671875 0.0953125 0.1171875
0 0.296875 0.796875 0.125 0.1328125
0 0.4421875 0.7890625 0.146875 0.1484375
0 0.5796875 0.7734375 0.10546875 0.13671875
0 0.7 0.728125 0.1234375 0.12890625
0 0.875 0.80546875 0.1015625 0.1234375
0 0.90703125 0.94140625 0.13125 0.1171875
0 0.7609375 0.8671875 0.134375 0.14453125
0 0.63203125 0.9375 0.13125 0.125
0 0.49921875 0.9375 0.1109375 0.125
0 0.35859375 0.94140625 0.1265625 0.1171875
0 0.27421875 0.65625 0.11875 0.1484375
0 0.396875 0.61796875 0.1328125 0.1390625