0 0.02265625 0.5 0.0453125 0.0859375
0 0.053125 0.67578125 0.10546875 0.13671875
0 0.0625 0.8203125 0.1171875 0.13671875
0 0.10078125 0.96875 0.134375 0.0625
0 0.29765625 0.98125 0.0703125 0.0375
0 0.528125 0.97265625 0.103125 0.0546875
0 0.65546875 0.97109375 0.1140625 0.0578125
0 0.81953125 0.984375 0.103125 0.03125
0 0.9578125 0.97734375 0.071875 0.0453125
0 0.90703125 0.8875 0.1078125 0.134375
0 0.9828125 0.86796875 0.034375 0.0703125
0 0.9671875 0.71484375 0.065625 0.1109375
0 0.94921875 0.559375 0.1015625 0.1265625
0 0.98203125 0.38359375 0.0359375 0.1203125
0 0.97265625 0.21015625 0.0546875 0.115625
0 0.93515625 0.0546875 0.1296875 0.103125
0 0.6328125 0.025 0.13125 0.05
0 0.028125 0.1 0.05625 0.11328125
0 0.0640625 0.0234375 0.12109375 0.046875
0 0.1171875 0.1109375 0.12109375 0.125
0 0.234375 0.0953125 0.109375 0.1171875
0 0.1796875 0.0078125 0.03125 0.015625
0 0.3609375 0.0859375 0.15234375 0.15625
0 0.49921875 0.0625 0.1390625 0.12109375
0 0.0578125 0.26953125 0.115625 0.125
0 0.17265625 0.27734375 0.0953125 0.10546875
0 0.2828125 0.22734375 0.09765625 0.1
0 0.4046875 0.215625 0.1328125 0.103125
0 0.5453125 0.2046875 0.125 0.11328125
0 0.69921875 0.11328125 0.1015625 0.109375
0 0.8171875 0.084375 0.11875 0.14453125
0 0.8703125 0.2421875 0.1265625 0.1328125
0 0.71171875 0.2671875 0.11875 0.109375
0 0.628125 0.37890625 0.11875 0.1171875
0 0.4421875 0.3609375 0.1265625 0.125
0 0.3234375 0.3953125 0.115625 0.1421875
0 0.21171875 0.4515625 0.103125 0.13671875
0 0.1140625 0.44453125 0.0921875 0.1109375
0 0.16875 0.5875 0.084375 0.0859375
0 0.296875 0.59765625 0.13671875 0.12890625
0 0.5078125 0.48359375 0.0859375 0.0453125
0 0.6578125 0.53828125 0.1328125 0.1390625
0 0.759375 0.4140625 0.140625 0.1640625
0 0.903125 0.39765625 0.1234375 0.1578125
0 0.8109375 0.5546875 0.13671875 0.1328125
0 0.871875 0.73828125 0.1078125 0.1015625
0 0.7359375 0.70234375 0.1328125 0.146875
0 0.34453125 0.73828125 0.13125 0.13671875
0 0.21171875 0.75078125 0.13125 0.11875
0 0.2359375 0.903125 0.12890625 0.1234375
0 0.38671875 0.8828125 0.10546875 0.1171875
0 0.49609375 0.88359375 0.10546875 0.1234375
0 0.6078125 0.884375 0.125 0.125
0 0.7828125 0.853125 0.12890625 0.15234375
0 0.53046875 0.775 0.05625 0.07421875