0 0.4796875 0.6640625 0.1 0.10546875
0 0.33515625 0.68046875 0.134375 0.115625
0 0.1890625 0.728125 0.0859375 0.078125
0 0.0421875 0.7640625 0.084375 0.12890625
0 0.5875 0.66484375 0.1171875 0.0875
0 0.825 0.553125 0.1078125 0.140625
0 0.9328125 0.521875 0.1234375 0.12890625
0 0.99375 0.425 0.01171875 0.071875
0 0.8703125 0.346875 0.134375 0.11875
0 0.8078125 0.3859375 0.1 0.1109375
0 0.61328125 0.4375 0.125 0.11328125
0 0.55546875 0.5484375 0.1421875 0.125
0 0.4140625 0.5046875 0.1328125 0.134375
0 0.259375 0.528125 0.1484375 0.13125
0 0.153125 0.559375 0.15 0.1265625
0 0.0671875 0.6265625 0.134375 0.15625
0 0.03203125 0.4796875 0.0640625 0.0921875
0 0.14453125 0.446875 0.078125 0.0703125
0 0.2390625 0.37578125 0.134375 0.1109375
0 0.390625 0.36875 0.06640625 0.0703125
0 0.50625 0.371875 0.109375 0.1
0 0.584375 0.2609375 0.1015625 0.0953125
0 0.7109375 0.27734375 0.11328125 0.1171875
0 0.85859375 0.2171875 0.1109375 0.09375
0 0.95 0.1640625 0.1 0.15
0 0.98828125 0.30546875 0.0234375 0.05625
0 0.9015625 0.0421875 0.1390625 0.0796875
0 0.79609375 0.05 0.11875 0.1
0 0.66875 0.03125 0.115625 0.0625
0 0.6875 0.153125 0.12890625 0.11875
0 0.5546875 0.13203125 0.140625 0.146875
0 0.48359375 0.2125 0.0953125 0.12109375
0 0.346875 0.240625 0.1265625 0.10546875
0 0.19140625 0.22734375 0.16015625 0.134375
0 0.0703125 0.290625 0.140625 0.12890625
0 0.309375 0.0828125 0.13125 0.11875
0 0.4203125 0.0546875 0.11328125 0.109375
0 0.50859375 0.02265625 0.1078125 0.0453125
0 0.1640625 0.075 0.125 0.103125
0 0.059375 0.19140625 0.0953125 0.0703125
0 0.0234375 0.1328125 0.046875 0.07421875
0 0.09375 0.1046875 0.09375 0.103125
0 0.0421875 0.0390625 0.084375 0.078125
0 0.8453125 0.96953125 0.1125 0.0609375
0 0.71171875 0.9734375 0.1171875 0.053125
0 0.50078125 0.9359375 0.1640625 0.128125
0 0.2921875 0.9765625 0.11875 0.046875
0 0.0578125 0.928125 0.115625 0.10546875
0 0.12890625 0.86328125 0.12890625 0.12109375
0 0.24921875 0.87421875 0.1078125 0.1109375
0 0.3375 0.80859375 0.125 0.12890625
0 0.4609375 0.79609375 0.14453125 0.13125
0 0.6359375 0.86875 0.15 0.15234375
0 0.7984375 0.87421875 0.10546875 0.1078125
0 0.7328125 0.709375 0.12109375 0.1328125
0 0.90546875 0.79296875 0.103125 0.140625
0 0.97734375 0.790625 0.0453125 0.1125
0 0.88203125 0.675 0.1078125 0.11875
0 0.96328125 0.6625 0.0734375 0.13125