0 0.3078125 0.2546875 0.115625 0.13125
0 0.22578125 0.37421875 0.15 0.115625
0 0.05546875 0.46015625 0.1109375 0.13125
0 0.42109375 0.17578125 0.13125 0.12890625
0 0.52421875 0.08203125 0.1265625 0.1328125
0 0.6609375 0.0578125 0.146875 0.1109375
0 0.35859375 0.0265625 0.1421875 0.053125
0 0.2703125 0.0984375 0.1578125 0.1265625
0 0.1765625 0.21875 0.1421875 0.12890625
0 0.0296875 0.3359375 0.05859375 0.07421875
0 0.0859375 0.2734375 0.109375 0.1015625
0 0.05546875 0.1265625 0.1109375 0.12109375
0 0.05078125 0.6484375 0.1015625 0.09765625
0 0.0578125 0.571875 0.1109375 0.06640625
0 0.16875 0.58671875 0.134375 0.1703125
0 0.2859375 0.51484375 0.1109375 0.134375
0 0.3609375 0.42265625 0.12890625 0.11875
0 0.434375 0.5296875 0.0875 0.10546875
0 0.475 0.31171875 0.1171875 0.1078125
0 0.5703125 0.21171875 0.11328125 0.1234375
0 0.61875 0.34296875 0.15234375 0.13125
0 0.703125 0.20390625 0.14453125 0.13125
0 0.78984375 0.1171875 0.115625 0.125
0 0.934375 0.1546875 0.13125 0.128125
0 0.97890625 0.01796875 0.0421875 0.0359375
0 0.828125 0.27734375 0.12890625 0.11328125
0 0.7640625 0.3703125 0.1171875 0.0921875
0 0.9296875 0.56953125 0.109375 0.1109375
0 0.98515625 0.475 0.0296875 0.1
0 0.875 0.4328125 0.08984375 0.103125
0 0.78125 0.4828125 0.05078125 0.07421875
0 0.64140625 0.51953125 0.13125 0.125
0 0.56953125 0.6328125 0.1390625 0.12109375
0 0.46484375 0.690625 0.09375 0.103125
0 0.32890625 0.6875 0.146875 0.1484375
0 0.10546875 0.784375 0.17578125 0.13125
0 0.0390625 0.9296875 0.078125 0.140625
0 0.00859375 0.79375 0.0171875 0.1234375
0 0.1546875 0.925 0.13671875 0.1421875
0 0.26640625 0.89765625 0.0921875 0.1109375
0 0.403125 0.96484375 0.0953125 0.0703125
0 0.48359375 0.89765625 0.1078125 0.1
0 0.5328125 0.96484375 0.0703125 0.0703125
0 0.50390625 0.81875 0.0859375 0.08203125
0 0.65078125 0.934375 0.1359375 0.13125
0 0.61796875 0.81640625 0.13125 0.12109375
0 0.76953125 0.909375 0.07421875 0.0796875
0 0.74609375 0.7953125 0.12109375 0.1015625
0 0.796875 0.70234375 0.14453125 0.1546875
0 0.7140625 0.65546875 0.0875 0.0921875
0 0.97421875 0.7078125 0.0515625 0.115625
0 0.88671875 0.81953125 0.1328125 0.13125
0 0.93125 0.94765625 0.1375 0.1046875
0 0.0421875 0.015625 0.071875 0.03125