0 0.078125 0.271875 0.15625 0.1328125
0 0.05859375 0.1015625 0.1171875 0.125
0 0.1171875 0.0265625 0.15625 0.053125
0 0.18046875 0.121875 0.1265625 0.134375
0 0.309375 0.05546875 0.115625 0.1078125
0 0.44140625 0.071875 0.1421875 0.14375
0 0.69921875 0.075 0.13671875 0.15
0 0.8296875 0.02734375 0.1484375 0.0546875
0 0.77421875 0.19921875 0.1265625 0.12890625
0 0.63671875 0.2203125 0.14453125 0.12109375
0 0.484375 0.23125 0.15234375 0.1421875
0 0.35234375 0.2234375 0.1109375 0.1390625
0 0.2390625 0.275 0.1078125 0.11328125
0 0.046875 0.46953125 0.09375 0.1390625
0 0.1578125 0.425 0.12109375 0.1265625
0 0.2765625 0.425 0.11875 0.1390625
0 0.409375 0.39453125 0.1265625 0.125
0 0.5375 0.35625 0.12890625 0.115625
0 0.675 0.39375 0.1234375 0.1546875
0 0.79765625 0.36015625 0.13125 0.1578125
0 0.9296875 0.3015625 0.140625 0.1578125
0 0.565625 0.51484375 0.1109375 0.1390625
0 0.459375 0.54609375 0.09765625 0.1265625
0 0.3296875 0.56640625 0.1171875 0.13671875
0 0.1953125 0.57421875 0.1484375 0.1640625
0 0.0734375 0.6203125 0.11875 0.1578125
0 0.06328125 0.94765625 0.1234375 0.1046875
0 0.1484375 0.77421875 0.0703125 0.11875
0 0.24375 0.740625 0.1171875 0.15625
0 0.37578125 0.7359375 0.134375 0.1484375
0 0.33515625 0.890625 0.1265625 0.1484375
0 0.44453125 0.87890625 0.084375 0.11328125
0 0.546875 0.8734375 0.1171875 0.15625
0 0.49609375 0.7015625 0.11328125 0.15625
0 0.61796875 0.66875 0.1578125 0.1734375
0 0.7078125 0.5328125 0.115625 0.1328125
0 0.8375 0.5375 0.15234375 0.171875
0 0.95546875 0.45625 0.0890625 0.125
0 0.975 0.63828125 0.05 0.1484375
0 0.88984375 0.6953125 0.1234375 0.1484375
0 0.77734375 0.6671875 0.08984375 0.115625
0 0.8203125 0.79609375 0.0859375 0.1265625
0 0.94609375 0.846875 0.1 0.11875
0 0.6671875 0.82890625 0.1265625 0.1421875
0 0.6 0.978125 0.125 0.04296875
0 0.74375 0.9859375 0.09375 0.02734375
0 0.87734375 0.9671875 0.1296875 0.065625
0 0.97421875 0.965625 0.0515625 0.06875