0 0.05390625 0.12578125 0.1078125 0.1421875
0 0.034375 0.01875 0.06875 0.0375
0 0.028125 0.38203125 0.05625 0.11875
0 0.09296875 0.26875 0.134375 0.15
0 0.228125 0.19140625 0.11328125 0.13671875
0 0.1765625 0.06171875 0.103125 0.11875
0 0.28515625 0.025 0.0796875 0.05
0 0.346875 0.09453125 0.0953125 0.0953125
0 0.04296875 0.5359375 0.0859375 0.134375
0 0.16484375 0.428125 0.103125 0.12109375
0 0.278125 0.365625 0.071875 0.0859375
0 0.3921875 0.246875 0.11328125 0.1234375
0 0.4796875 0.17578125 0.0953125 0.140625
0 0.60234375 0.06640625 0.1234375 0.1328125
0 0.75859375 0.11015625 0.1078125 0.115625
0 0.7296875 0.021875 0.0921875 0.04296875
0 0.8953125 0.1296875 0.134375 0.15
0 0.853125 0.021875 0.11328125 0.04296875
0 0.6703125 0.18125 0.1015625 0.12890625
0 0.5453125 0.33671875 0.10546875 0.1234375
0 0.4296875 0.4 0.125 0.13671875
0 0.321875 0.490625 0.12890625 0.1328125
0 0.21953125 0.60546875 0.0953125 0.1015625
0 0.0171875 0.68515625 0.034375 0.0859375
0 0.0234375 0.83671875 0.046875 0.1078125
0 0.0609375 0.94609375 0.121875 0.1078125
0 0.1390625 0.84765625 0.12890625 0.14453125
0 0.2453125 0.9578125 0.221875 0.084375
0 0.275 0.8234375 0.15234375 0.1625
0 0.3640625 0.62890625 0.1265625 0.140625
0 0.478125 0.54609375 0.11328125 0.146875
0 0.57890625 0.49140625 0.11875 0.1078125
0 0.71015625 0.309375 0.1234375 0.15
0 0.8328125 0.24296875 0.1234375 0.146875
0 0.9828125 0.10390625 0.034375 0.1234375
0 0.9375 0.2859375 0.11328125 0.134375
0 0.96640625 0.41875 0.0671875 0.13125
0 0.85546875 0.40703125 0.125 0.1421875
0 0.74921875 0.4734375 0.1 0.1265625
0 0.62421875 0.59453125 0.11875 0.1265625
0 0.7609375 0.61796875 0.13125 0.146875
0 0.91875 0.5890625 0.1625 0.16875
0 0.421875 0.8078125 0.13671875 0.1390625
0 0.54375 0.75859375 0.1109375 0.1234375
0 0.4640625 0.93125 0.1390625 0.13671875
0 0.603125 0.921875 0.13671875 0.15625
0 0.7453125 0.87109375 0.1265625 0.125
0 0.890625 0.86875 0.1328125 0.15234375
0 0.78046875 0.97734375 0.1296875 0.0453125
0 0.96328125 0.7375 0.0734375 0.096875