0 0.2265625 0.98125 0.103125 0.0375
0 0.07578125 0.97890625 0.0828125 0.0421875
0 0.0109375 0.72265625 0.021875 0.0703125
0 0.06875 0.57734375 0.12890625 0.1578125
0 0.21875 0.51875 0.1640625 0.1625
0 0.24921875 0.675 0.1234375 0.1546875
0 0.28125 0.809375 0.109375 0.115625
0 0.190625 0.9125 0.115625 0.09375
0 0.275 0.3734375 0.10546875 0.1328125
0 0.15 0.36640625 0.0859375 0.11875
0 0.0359375 0.41328125 0.071875 0.1546875
0 0.0390625 0.10078125 0.078125 0.15
0 0.17890625 0.115625 0.103125 0.1171875
0 0.2375 0.02734375 0.103125 0.0546875
0 0.228125 0.21953125 0.13671875 0.13125