0 0.084375 0.07109375 0.16796875 0.1421875
0 0.28515625 0.04296875 0.140625 0.0859375
0 0.43125 0.0921875 0.13671875 0.1171875
0 0.5640625 0.078125 0.1171875 0.109375
0 0.7171875 0.04296875 0.125 0.0859375
0 0.82890625 0.0265625 0.0875 0.053125
0 0.975 0.09296875 0.05 0.0890625
0 0.34375 0.15234375 0.125 0.1171875
0 0.23515625 0.171875 0.1 0.078125
0 0.1046875 0.1859375 0.1546875 0.10546875
0 0.059375 0.36875 0.11875 0.12109375
0 0.0578125 0.26640625 0.115625 0.1078125
0 0.1921875 0.3890625 0.1421875 0.11328125
0 0.29609375 0.3421875 0.1 0.09765625
0 0.3640625 0.30546875 0.146875 0.1265625
0 0.0359375 0.575 0.071875 0.1078125
0 0.0796875 0.50078125 0.13671875 0.115625
0 0.10546875 0.6359375 0.09375 0.1078125
0 0.2078125 0.54375 0.1421875 0.1421875
0 0.4375 0.465625 0.13671875 0.103125
0 0.56328125 0.384375 0.1109375 0.1171875
0 0.659375 0.28828125 0.1109375 0.103125
0 0.7578125 0.209375 0.12109375 0.11328125
0 0.20390625 0.87578125 0.13125 0.1078125
0 0.221875 0.98046875 0.1078125 0.0390625
0 0.0703125 0.8375 0.140625 0.13671875
0 0.16328125 0.7625 0.1 0.0921875
0 0.23828125 0.69453125 0.1640625 0.1578125
0 0.3734375 0.74296875 0.16015625 0.1390625
0 0.296875 0.84453125 0.078125 0.1
0 0.4078125 0.86328125 0.16015625 0.1171875
0 0.42265625 0.96328125 0.1859375 0.0734375
0 0.740625 0.975 0.115625 0.05
0 0.85234375 0.98984375 0.0578125 0.0203125
0 0.9765625 0.98125 0.046875 0.0375
0 0.94609375 0.8859375 0.1078125 0.1375
0 0.8328125 0.915625 0.1234375 0.125
0 0.68359375 0.87109375 0.1484375 0.12890625
0 0.5640625 0.91015625 0.140625 0.1328125
0 0.5421875 0.7578125 0.11875 0.125
0 0.64140625 0.703125 0.1625 0.12890625
0 0.7765625 0.75 0.1421875 0.14453125
0 0.9140625 0.7234375 0.1015625 0.1109375
0 0.96953125 0.6625 0.0609375 0.128125
0 0.9515625 0.5140625 0.096875 0.134375
0 0.86875 0.56875 0.09765625 0.13671875
0 0.73515625 0.58125 0.1625 0.1390625
0 0.57734375 0.54609375 0.1109375 0.1265625
0 0.45234375 0.6 0.165625 0.14453125
0 0.67109375 0.4734375 0.1109375 0.0921875
0 0.771875 0.45703125 0.109375 0.109375
0 0.8078125 0.3890625 0.103125 0.1015625
0 0.9296875 0.3546875 0.140625 0.146875