0 0.128125 0.2046875 0.134375 0.13671875
0 0.07734375 0.0453125 0.1546875 0.08984375
0 0.2203125 0.040625 0.140625 0.08125
0 0.39140625 0.06171875 0.1265625 0.1234375
0 0.5515625 0.11875 0.1109375 0.12109375
0 0.65234375 0.05859375 0.109375 0.1171875
0 0.08125 0.3765625 0.09921875 0.1328125
0 0.19921875 0.3734375 0.15625 0.1640625
0 0.3859375 0.39375 0.146875 0.1625
0 0.5796875 0.246875 0.12890625 0.1265625
0 0.6625 0.1796875 0.1015625 0.12109375
0 0.8390625 0.10234375 0.134375 0.146875
0 0.7765625 0.0125 0.053125 0.025
0 0.95546875 0.08359375 0.0890625 0.1484375
0 0.97265625 0.22578125 0.0546875 0.13125
0 0.9 0.29296875 0.14453125 0.16015625
0 0.771875 0.49375 0.12109375 0.1328125
0 0.87421875 0.6375 0.1078125 0.13125
0 0.9828125 0.6859375 0.034375 0.075
0 0.9515625 0.91171875 0.096875 0.1765625
0 0.84765625 0.978125 0.1015625 0.04296875
0 0.7015625 0.96640625 0.115625 0.0671875
0 0.121875 0.94375 0.103125 0.1125
0 0.03515625 0.95859375 0.0703125 0.0828125
0 0.03125 0.6484375 0.0625 0.13671875
0 0.0171875 0.45859375 0.034375 0.0671875
0 0.1171875 0.55 0.1484375 0.178125
0 0.25390625 0.51171875 0.109375 0.14453125
0 0.3234375 0.6859375 0.13125 0.15234375
0 0.34296875 0.82734375 0.1078125 0.1234375
0 0.425 0.55390625 0.1109375 0.1265625
0 0.553125 0.5671875 0.1328125 0.15
0 0.459375 0.7234375 0.13671875 0.1703125
0 0.590625 0.7703125 0.11875 0.1546875