0 0.03046875 0.05390625 0.0609375 0.1078125
0 0.0953125 0.03828125 0.1328125 0.0765625
0 0.29453125 0.0484375 0.1203125 0.096875
0 0.41796875 0.065625 0.125 0.13125
0 0.5265625 0.04296875 0.1265625 0.0859375
0 0.675 0.046875 0.1421875 0.09375
0 0.8078125 0.05 0.1265625 0.1
0 0.946875 0.053125 0.10546875 0.10546875
0 0.978125 0.221875 0.04296875 0.1078125
0 0.8578125 0.1828125 0.13671875 0.13125
0 0.71484375 0.1578125 0.12109375 0.12890625
0 0.4734375 0.22734375 0.11875 0.1234375
0 0.328125 0.175 0.1171875 0.1234375
0 0.196875 0.196875 0.1328125 0.12890625
0 0.04765625 0.5015625 0.0953125 0.171875
0 0.10859375 0.40234375 0.11875 0.12890625
0 0.18359375 0.33125 0.125 0.1078125
0 0.06640625 0.646875 0.10546875 0.109375
0 0.24375 0.45625 0.12890625 0.1234375
0 0.3703125 0.32734375 0.1421875 0.1546875
0 0.01484375 0.80625 0.0296875 0.08203125
0 0.03203125 0.9453125 0.0640625 0.109375
0 0.1109375 0.8125 0.10546875 0.1171875
0 0.20234375 0.73359375 0.115625 0.115625
0 0.26953125 0.5953125 0.1328125 0.13671875
0 0.625 0.3359375 0.1328125 0.1328125
0 0.75 0.303125 0.1328125 0.140625
0 0.8984375 0.32890625 0.140625 0.1421875
0 0.9421875 0.4671875 0.115625 0.128125
0 0.990625 0.35703125 0.01875 0.0734375
0 0.8015625 0.459375 0.1265625 0.140625
0 0.67890625 0.50703125 0.1234375 0.15
0 0.55859375 0.55625 0.12109375 0.1328125
0 0.4734375 0.63125 0.11875 0.1328125
0 0.32890625 0.7578125 0.1390625 0.1484375
0 0.24296875 0.8890625 0.11875 0.1328125
0 0.13515625 0.94609375 0.1421875 0.1078125
0 0.396875 0.91328125 0.125 0.1390625
0 0.51171875 0.77734375 0.11328125 0.10546875
0 0.628125 0.7078125 0.1265625 0.13125
0 0.55 0.93515625 0.125 0.1296875
0 0.65546875 0.88671875 0.13125 0.15234375
0 0.7671875 0.8203125 0.08984375 0.125
0 0.81953125 0.95390625 0.1359375 0.0921875
0 0.93515625 0.928125 0.1296875 0.14375
0 0.8859375 0.7625 0.1578125 0.165625
0 0.85625 0.6109375 0.134375 0.140625
0 0.96328125 0.62421875 0.0734375 0.1359375