0 0.04296875 0.1359375 0.0859375 0.1
0 0.14921875 0.1453125 0.13125 0.1265625
0 0.225 0.046875 0.16015625 0.09375
0 0.36328125 0.0265625 0.078125 0.053125
0 0.43671875 0.034375 0.084375 0.06875
0 0.49921875 0.109375 0.1390625 0.125
0 0.634375 0.075 0.1328125 0.115625
0 0.740625 0.0375 0.11328125 0.07421875
0 0.8515625 0.0453125 0.12109375 0.08984375
0 0.9578125 0.04453125 0.084375 0.0890625
0 0.05390625 0.284375 0.1078125 0.1234375
0 0.18359375 0.3171875 0.1328125 0.1546875
0 0.278125 0.19921875 0.1578125 0.12890625
0 0.93125 0.34453125 0.13671875 0.1421875
0 0.7890625 0.178125 0.08203125 0.0859375
0 0.92578125 0.1796875 0.11328125 0.109375
0 0.7 0.2109375 0.0640625 0.0546875
0 0.5328125 0.28203125 0.1484375 0.146875
0 0.41328125 0.325 0.15 0.134375
0 0.35546875 0.5015625 0.1328125 0.1640625
0 0.47734375 0.4625 0.1703125 0.1484375
0 0.69375 0.3703125 0.12109375 0.1078125
0 0.765625 0.4890625 0.08203125 0.0765625
0 0.96484375 0.49375 0.0703125 0.109375
0 0.78828125 0.646875 0.103125 0.125
0 0.9171875 0.64921875 0.1546875 0.15
0 0.94921875 0.7984375 0.1015625 0.1328125
0 0.903125 0.96953125 0.0875 0.0609375
0 0.97421875 0.953125 0.0515625 0.09375
0 0.8421875 0.8359375 0.1171875 0.140625
0 0.7421875 0.91484375 0.14453125 0.1265625
0 0.6140625 0.9046875 0.1265625 0.1171875
0 0.66875 0.98203125 0.06875 0.0359375
0 0.5109375 0.9328125 0.1109375 0.11875
0 0.3515625 0.95703125 0.14453125 0.0859375
0 0.225 0.934375 0.1328125 0.11875
0 0.07890625 0.9 0.1578125 0.14453125
0 0.0765625 0.7890625 0.125 0.08984375
0 0.2125 0.75859375 0.1328125 0.11875
0 0.33515625 0.8015625 0.1703125 0.15
0 0.1296875 0.615625 0.196875 0.15625
0 0.28515625 0.64453125 0.08984375 0.1015625
0 0.4171875 0.6546875 0.103125 0.11328125
0 0.53203125 0.60234375 0.115625 0.1
0 0.0296875 0.434375 0.05859375 0.0921875
0 0.715625 0.70703125 0.06875 0.0625