0 0.0640625 0.253125 0.12109375 0.11875
0 0.04765625 0.10078125 0.0953125 0.1578125
0 0.16796875 0.03203125 0.1796875 0.0640625
0 0.171875 0.121875 0.0703125 0.071875
0 0.2171875 0.21015625 0.109375 0.115625
0 0.2890625 0.12109375 0.05859375 0.08203125
0 0.38125 0.0203125 0.09765625 0.040625
0 0.44609375 0.1125 0.1390625 0.134375
0 0.54375 0.0421875 0.0921875 0.084375
0 0.6234375 0.14375 0.1171875 0.1265625
0 0.6625 0.02734375 0.09375 0.0546875
0 0.7953125 0.0203125 0.0859375 0.040625
0 0.3671875 0.2296875 0.15234375 0.1546875
0 0.29765625 0.33984375 0.1390625 0.1484375
0 0.0546875 0.5203125 0.109375 0.146875
0 0.059375 0.8328125 0.11875 0.134375
0 0.1640625 0.76484375 0.12890625 0.146875
0 0.28125 0.7484375 0.09765625 0.1171875
0 0.3359375 0.6234375 0.125 0.1171875
0 0.4796875 0.56171875 0.1421875 0.1421875
0 0.646875 0.49921875 0.1328125 0.1265625
0 0.81875 0.3890625 0.12890625 0.13671875
0 0.9265625 0.32421875 0.146875 0.1234375
0 0.96953125 0.4359375 0.0609375 0.121875
0 0.87578125 0.4984375 0.1078125 0.12109375
0 0.734375 0.6265625 0.09765625 0.11328125
0 0.5484375 0.703125 0.09375 0.1015625
0 0.746875 0.7828125 0.115625 0.10546875
0 0.9546875 0.6453125 0.07421875 0.1078125
0 0.63984375 0.83203125 0.103125 0.10546875
0 0.36640625 0.86640625 0.1109375 0.15
0 0.23125 0.8984375 0.1390625 0.13671875
0 0.078125 0.95 0.1 0.1