0 0.08828125 0.95859375 0.1265625 0.0828125
0 0.03203125 0.85625 0.0640625 0.1
0 0.0390625 0.77734375 0.06640625 0.05859375
0 0.0734375 0.7265625 0.0875 0.1015625
0 0.03984375 0.60625 0.0796875 0.1265625
0 0.03046875 0.47265625 0.0609375 0.125
0 0.1203125 0.4421875 0.115625 0.1578125
0 0.03984375 0.30625 0.0796875 0.13671875
0 0.13359375 0.2515625 0.084375 0.140625
0 0.0390625 0.059375 0.078125 0.115625
0 0.17109375 0.0484375 0.1609375 0.096875
0 0.1390625 0.8484375 0.1015625 0.115625
0 0.209375 0.746875 0.11328125 0.1390625
0 0.30390625 0.696875 0.0765625 0.0859375
0 0.25390625 0.56171875 0.09375 0.1109375
0 0.159375 0.6171875 0.0796875 0.125
0 0.39453125 0.5546875 0.109375 0.10546875
0 0.37421875 0.80078125 0.1390625 0.13671875
0 0.26953125 0.8796875 0.10546875 0.1265625
0 0.2125 0.95390625 0.10625 0.0921875
0 0.36171875 0.9734375 0.1109375 0.053125
0 0.4734375 0.9484375 0.06875 0.084375
0 0.5546875 0.8421875 0.0859375 0.10546875
0 0.6515625 0.8125 0.0796875 0.11328125
0 0.759375 0.79609375 0.1015625 0.13125
0 0.809375 0.9203125 0.0921875 0.0859375
0 0.73046875 0.6640625 0.09375 0.12109375
0 0.61015625 0.67578125 0.11875 0.1484375
0 0.48359375 0.69609375 0.11875 0.1421875
0 0.5171875 0.5359375 0.12109375 0.1234375
0 0.66484375 0.48359375 0.1625 0.1546875
0 0.83671875 0.384375 0.13125 0.11328125
0 0.96171875 0.31875 0.0765625 0.08125
0 0.31875 0.3765625 0.078125 0.07421875