0 0.67265625 0.3703125 0.0796875 0.0875
0 0.740625 0.30078125 0.08203125 0.1015625
0 0.8015625 0.1375 0.0953125 0.103125
0 0.5671875 0.41875 0.1 0.0875
0 0.46953125 0.4578125 0.0609375 0.0796875
0 0.2234375 0.546875 0.1265625 0.12890625
0 0.09296875 0.54375 0.09140625 0.1109375
0 0.028125 0.40546875 0.05625 0.1078125
0 0.103125 0.37109375 0.12109375 0.1328125
0 0.03515625 0.16875 0.0703125 0.1265625
0 0.21875 0.240625 0.1328125 0.14453125
0 0.15 0.109375 0.12890625 0.125
0 0.3828125 0.459375 0.11328125 0.125
0 0.8921875 0.0234375 0.04296875 0.046875
0 0.66328125 0.15546875 0.115625 0.11875
0 0.55078125 0.1390625 0.1015625 0.13671875
0 0.48515625 0.24921875 0.1265625 0.134375
0 0.3421875 0.2203125 0.07421875 0.078125
0 0.39765625 0.30859375 0.0921875 0.125
0 0.278125 0.35625 0.1625 0.1703125
0 0.01171875 0.03828125 0.0234375 0.0765625
0 0.084375 0.0375 0.1015625 0.07421875
0 0.28203125 0.103125 0.13125 0.14453125
0 0.19140625 0.0171875 0.1078125 0.034375
0 0.36953125 0.025 0.1421875 0.05
0 0.4171875 0.13203125 0.146875 0.11875
0 0.68828125 0.4984375 0.1109375 0.09765625
0 0.834375 0.58671875 0.12890625 0.1421875
0 0.96171875 0.58828125 0.0765625 0.1046875
0 0.8859375 0.95546875 0.109375 0.0890625
0 0.9046875 0.48125 0.0625 0.071875
0 0.8109375 0.37421875 0.07421875 0.05625
0 0.96640625 0.05 0.0671875 0.078125
0 0.1296875 0.971875 0.078125 0.05625