0 0.06640625 0.1453125 0.1328125 0.11875
0 0.0484375 0.04453125 0.096875 0.0890625
0 0.1453125 0.03828125 0.1234375 0.0765625
0 0.19921875 0.134375 0.12890625 0.109375
0 0.2328125 0.01484375 0.05078125 0.0296875
0 0.415625 0.01953125 0.109375 0.0390625
0 0.596875 0.1078125 0.13125 0.12890625
0 0.5546875 0.0171875 0.0875 0.034375
0 0.66796875 0.0140625 0.06640625 0.02734375
0 0.84765625 0.0453125 0.11328125 0.08984375
0 0.946875 0.01953125 0.09375 0.0390625
0 0.928125 0.225 0.14375 0.1375
0 0.9828125 0.1078125 0.034375 0.08125
0 0.7734375 0.2203125 0.125 0.10546875
0 0.4625 0.10546875 0.12109375 0.11328125
0 0.309375 0.06640625 0.146875 0.1015625
0 0.340625 0.215625 0.13125 0.1390625
0 0.11875 0.26640625 0.1328125 0.1
0 0.2390625 0.2875 0.1234375 0.12109375
0 0.47734375 0.2140625 0.1390625 0.103125
0 0.64921875 0.240625 0.1234375 0.11328125
0 0.8390625 0.3671875 0.1734375 0.12890625
0 0.6859375 0.3625 0.15625 0.1546875
0 0.4171875 0.3859375 0.1109375 0.1109375
0 0.3015625 0.41875 0.13125 0.11875
0 0.1515625 0.4140625 0.134375 0.11328125
0 0.01640625 0.2953125 0.0328125 0.08984375
0 0.07734375 0.5828125 0.1265625 0.1109375
0 0.38671875 0.5859375 0.09765625 0.109375
0 0.48515625 0.49921875 0.1265625 0.115625
0 0.6484375 0.5828125 0.15625 0.1578125
0 0.61015625 0.45390625 0.0796875 0.06875
0 0.890625 0.51875 0.140625 0.13125
0 0.984375 0.55 0.03125 0.1078125
0 0.7765625 0.53515625 0.0921875 0.125
0 0.525 0.634375 0.16015625 0.140625
0 0.38984375 0.70234375 0.1390625 0.1265625
0 0.25859375 0.7515625 0.1703125 0.125
0 0.11015625 0.8078125 0.1234375 0.134375
0 0.02734375 0.81953125 0.0546875 0.103125
0 0.02265625 0.6984375 0.0453125 0.071875
0 0.09765625 0.95859375 0.1484375 0.0828125
0 0.196875 0.928125 0.15234375 0.09765625
0 0.35625 0.8796875 0.165625 0.115625
0 0.47578125 0.83125 0.084375 0.0953125
0 0.58203125 0.8 0.1015625 0.0953125
0 0.69453125 0.7453125 0.1421875 0.1546875
0 0.8203125 0.69453125 0.1171875 0.13125
0 0.9453125 0.69375 0.109375 0.14453125
0 0.9265625 0.83203125 0.103125 0.09765625
0 0.79375 0.88984375 0.1234375 0.1078125
0 0.646875 0.946875 0.11328125 0.10546875
0 0.5296875 0.9625 0.0859375 0.07421875
0 0.4265625 0.97890625 0.0875 0.0421875
0 0.89921875 0.97265625 0.0796875 0.0546875
0 0.96953125 0.96328125 0.0609375 0.0734375
0 0.2109375 0.5734375 0.12109375 0.115625
0 0.54375 0.34765625 0.1109375 0.125