0 0.05625 0.2640625 0.1015625 0.1171875
0 0.18125 0.234375 0.1015625 0.1328125
0 0.3140625 0.23828125 0.10546875 0.109375
0 0.45234375 0.2375 0.1109375 0.11875
0 0.5765625 0.190625 0.125 0.1390625
0 0.70234375 0.15234375 0.115625 0.1328125
0 0.92265625 0.06875 0.11875 0.13671875
0 0.75625 0.028125 0.08984375 0.05625
0 0.628125 0.046875 0.1109375 0.09375
0 0.490625 0.04765625 0.125 0.0921875
0 0.39375 0.0859375 0.1078125 0.140625
0 0.234375 0.1125 0.078125 0.1
0 0.30625 0.01171875 0.06640625 0.0234375
0 0.1375 0.128125 0.103125 0.115625
0 0.19140625 0.01875 0.08984375 0.0375
0 0.0203125 0.1453125 0.040625 0.115625
0 0.028125 0.42890625 0.05625 0.1265625
0 0.11640625 0.4015625 0.1265625 0.1546875
0 0.26953125 0.40703125 0.125 0.1546875
0 0.39140625 0.36875 0.1109375 0.15234375
0 0.540625 0.37578125 0.125 0.1421875
0 0.659375 0.3375 0.0921875 0.1171875
0 0.746875 0.27421875 0.0796875 0.0796875
0 0.87890625 0.2890625 0.09765625 0.140625
0 0.9828125 0.31328125 0.034375 0.0796875
0 0.825 0.42265625 0.1234375 0.134375
0 0.95859375 0.46484375 0.0828125 0.1265625
0 0.88203125 0.5671875 0.0953125 0.1234375
0 0.94609375 0.71015625 0.1078125 0.1203125
0 0.984375 0.61015625 0.03125 0.071875
0 0.584375 0.53125 0.11328125 0.1328125
0 0.6921875 0.45390625 0.1234375 0.146875
0 0.7625 0.61328125 0.134375 0.14453125
0 0.5015625 0.63984375 0.11328125 0.13125
0 0.32890625 0.55859375 0.1109375 0.11328125
0 0.4359375 0.5234375 0.109375 0.14453125
0 0.2546875 0.69609375 0.1265625 0.134375
0 0.06953125 0.57890625 0.1265625 0.13125
0 0.1859375 0.53203125 0.11328125 0.1078125
0 0.11328125 0.69921875 0.11328125 0.109375
0 0.18125 0.83515625 0.14453125 0.1734375
0 0.321875 0.8234375 0.08984375 0.103125
0 0.384375 0.6921875 0.15234375 0.146875
0 0.5859375 0.7796875 0.15234375 0.14453125
0 0.446875 0.82421875 0.1328125 0.14453125
0 0.36875 0.9640625 0.0625 0.0640625
0 0.4984375 0.925 0.0703125 0.0875
0 0.625 0.921875 0.11328125 0.08203125
0 0.68671875 0.96484375 0.06875 0.0703125
0 0.8078125 0.95078125 0.159375 0.0984375
0 0.90625 0.92890625 0.109375 0.103125
0 0.734375 0.83125 0.125 0.1390625
0 0.8453125 0.8171875 0.0859375 0.165625
0 0.6375 0.69609375 0.0609375 0.0609375