0 0.1109375 0.71171875 0.1328125 0.1546875
0 0.04375 0.85078125 0.0875 0.1546875
0 0.1875 0.59375 0.12109375 0.140625
0 0.24609375 0.41875 0.10546875 0.15
0 0.36796875 0.328125 0.1234375 0.14453125
0 0.49375 0.26640625 0.08984375 0.11875
0 0.5875 0.2375 0.11328125 0.1390625
0 0.65703125 0.06875 0.115625 0.13671875
0 0.73359375 0.22578125 0.134375 0.1625
0 0.8546875 0.16328125 0.1265625 0.1625
0 0.796875 0.05 0.12109375 0.1
0 0.91328125 0.03984375 0.0875 0.0796875
0 0.9734375 0.16484375 0.053125 0.1109375
0 0.93984375 0.30546875 0.1203125 0.1265625
0 0.96171875 0.4359375 0.0765625 0.14375
0 0.8875 0.52421875 0.115625 0.1421875
0 0.80390625 0.3796875 0.115625 0.15
0 0.7328125 0.50859375 0.13671875 0.1546875
0 0.66328125 0.38203125 0.1390625 0.134375
0 0.52734375 0.403125 0.10546875 0.13125
0 0.44453125 0.4859375 0.11875 0.140625
0 0.33515625 0.584375 0.1109375 0.125
0 0.14296875 0.96171875 0.1421875 0.0765625
0 0.19921875 0.86796875 0.0859375 0.1
0 0.31171875 0.83125 0.1234375 0.146875
0 0.40546875 0.74140625 0.1234375 0.13125
0 0.52421875 0.625 0.13125 0.1484375
0 0.62421875 0.5328125 0.1078125 0.12890625
0 0.6890625 0.67109375 0.13671875 0.1390625
0 0.56171875 0.7515625 0.115625 0.1171875
0 0.4953125 0.87109375 0.11875 0.12890625
0 0.3765625 0.95546875 0.109375 0.0890625
0 0.55 0.96953125 0.109375 0.0609375
0 0.6140625 0.8609375 0.0921875 0.12890625
0 0.7265625 0.8078125 0.09765625 0.1265625
0 0.84375 0.7671875 0.1171875 0.1640625
0 0.81875 0.6390625 0.08984375 0.09375
0 0.78984375 0.93359375 0.11875 0.1328125
0 0.65390625 0.97109375 0.0859375 0.0578125
0 0.94375 0.9375 0.1015625 0.125
0 0.98828125 0.8140625 0.0234375 0.08203125
0 0.05546875 0.56640625 0.1078125 0.15234375
0 0.13359375 0.44921875 0.1078125 0.15625
0 0.028125 0.4453125 0.05625 0.09375
0 0.0640625 0.2921875 0.128125 0.16875
0 0.190625 0.25703125 0.1078125 0.146875
0 0.35078125 0.20703125 0.1234375 0.125
0 0.4375 0.14765625 0.16015625 0.1390625
0 0.5234375 0.1078125 0.109375 0.08203125
0 0.11328125 0.115625 0.140625 0.14453125
0 0.02265625 0.15546875 0.0453125 0.1078125
0 0.0453125 0.02265625 0.08203125 0.0453125
0 0.2546875 0.0984375 0.1 0.1265625
0 0.3515625 0.04609375 0.10546875 0.0921875
0 0.4984375 0.034375 0.09375 0.0609375
0 0.9734375 0.65703125 0.053125 0.0765625