0 0.05625 0.20390625 0.1125 0.1234375
0 0.10078125 0.34375 0.15 0.12109375
0 0.18828125 0.240625 0.1265625 0.125
0 0.31171875 0.25625 0.1 0.09765625
0 0.31953125 0.1453125 0.115625 0.11875
0 0.425 0.0984375 0.103125 0.1390625
0 0.52734375 0.15 0.109375 0.1171875
0 0.55390625 0.0421875 0.1390625 0.0796875
0 0.15234375 0.07421875 0.12109375 0.11328125
0 0.26875 0.03203125 0.11875 0.0640625
0 0.04296875 0.61328125 0.08203125 0.1015625
0 0.1328125 0.5046875 0.15234375 0.1390625
0 0.36328125 0.41015625 0.1171875 0.1484375
0 0.603125 0.278125 0.1484375 0.1390625
0 0.50703125 0.43046875 0.1265625 0.1234375
0 0.68828125 0.1125 0.1078125 0.1578125
0 0.78515625 0.10078125 0.1015625 0.115625
0 0.92421875 0.13125 0.1515625 0.10625
0 0.8859375 0.0453125 0.103125 0.0859375
0 0.9703125 0.04375 0.05859375 0.0875
0 0.94921875 0.2546875 0.1015625 0.1578125
0 0.8296875 0.2578125 0.12890625 0.1796875
0 0.7234375 0.2734375 0.0796875 0.140625
0 0.9140625 0.42890625 0.09765625 0.1265625
0 0.71953125 0.58984375 0.1421875 0.14453125
0 0.584375 0.5765625 0.12890625 0.125
0 0.365625 0.7328125 0.1328125 0.15234375
0 0.3484375 0.54375 0.115625 0.1078125
0 0.1359375 0.69609375 0.1859375 0.2015625
0 0.084375 0.8359375 0.1328125 0.12109375
0 0.10234375 0.953125 0.1578125 0.09375
0 0.30390625 0.9390625 0.1109375 0.12109375
0 0.2296875 0.84296875 0.15 0.115625
0 0.41796875 0.896875 0.08203125 0.1171875
0 0.51875 0.88125 0.1234375 0.1484375
0 0.4859375 0.71484375 0.10546875 0.1328125
0 0.6046875 0.73359375 0.1265625 0.1390625
0 0.6265625 0.84296875 0.09765625 0.11875
0 0.76953125 0.725 0.09765625 0.12109375
0 0.8921875 0.7296875 0.0703125 0.0921875
0 0.95546875 0.75 0.0890625 0.146875
0 0.9390625 0.596875 0.08203125 0.084375
0 0.9515625 0.93203125 0.096875 0.1359375
0 0.77578125 0.92265625 0.1546875 0.1546875
0 0.64609375 0.95 0.0890625 0.1
0 0.49140625 0.28046875 0.071875 0.1