0 0.03984375 0.1 0.0796875 0.09375
0 0.0828125 0.26640625 0.1078125 0.13125
0 0.01171875 0.4296875 0.0234375 0.1015625
0 0.0546875 0.540625 0.1015625 0.1171875
0 0.196875 0.68359375 0.10546875 0.109375
0 0.125 0.8234375 0.10546875 0.1109375
0 0.21484375 0.9625 0.08984375 0.07421875
0 0.45625 0.915625 0.0765625 0.0859375
0 0.296875 0.8578125 0.12109375 0.1171875
0 0.40546875 0.74921875 0.146875 0.1234375
0 0.3515625 0.58671875 0.14453125 0.1390625
0 0.2671875 0.446875 0.09375 0.10546875
0 0.21796875 0.30625 0.134375 0.1328125
0 0.1578125 0.434375 0.06640625 0.0796875
0 0.32421875 0.2125 0.09375 0.1171875
0 0.2359375 0.165625 0.07421875 0.08984375
0 0.14921875 0.0796875 0.0765625 0.08203125
0 0.28125 0.0359375 0.078125 0.06875
0 0.4765625 0.29609375 0.08203125 0.06875
0 0.3734375 0.3875 0.109375 0.11875
0 0.4578125 0.51640625 0.0609375 0.0875
0 0.53828125 0.6625 0.115625 0.12109375
0 0.58203125 0.7984375 0.08984375 0.11328125
0 0.64296875 0.97109375 0.0953125 0.0578125
0 0.7421875 0.896875 0.1171875 0.125
0 0.9140625 0.88359375 0.1328125 0.1421875
0 0.69375 0.75625 0.125 0.1171875
0 0.7859375 0.5984375 0.0765625 0.0953125
0 0.94921875 0.59453125 0.1015625 0.1234375
0 0.96875 0.7453125 0.0625 0.103125
0 0.8734375 0.7546875 0.078125 0.0921875
0 0.86328125 0.4453125 0.109375 0.1015625
0 0.75859375 0.4375 0.0953125 0.0859375
0 0.81875 0.2765625 0.1171875 0.1
0 0.640625 0.1453125 0.10546875 0.103125
0 0.7609375 0.125 0.0875 0.10546875
0 0.88671875 0.121875 0.140625 0.1109375
0 0.97265625 0.2515625 0.0546875 0.0703125
0 0.86796875 0.03515625 0.103125 0.0703125
0 0.97265625 0.01875 0.0546875 0.0375
0 0.71484375 0.034375 0.1015625 0.0609375
0 0.421875 0.0578125 0.13671875 0.09921875
0 0.5671875 0.409375 0.0875 0.084375
0 0.64375 0.234375 0.084375 0.078125
0 0.5875 0.04375 0.09375 0.0875