0 0.15625 0.14765625 0.14453125 0.1265625
0 0.025 0.44609375 0.05 0.1609375
0 0.090625 0.34765625 0.1234375 0.14453125
0 0.1796875 0.4859375 0.15625 0.16015625
0 0.11015625 0.59375 0.13125 0.125
0 0.25390625 0.6171875 0.08984375 0.11328125
0 0.38984375 0.64765625 0.1578125 0.134375
0 0.5609375 0.6375 0.12109375 0.1
0 0.47578125 0.534375 0.15 0.15
0 0.3296875 0.471875 0.12890625 0.146875
0 0.26484375 0.31640625 0.1625 0.171875
0 0.375 0.25625 0.1171875 0.125
0 0.4375 0.3875 0.11328125 0.1234375
0 0.4484375 0.12578125 0.11875 0.1234375
0 0.52265625 0.2453125 0.103125 0.1
0 0.58515625 0.3625 0.11875 0.1546875
0 0.66328125 0.50703125 0.1421875 0.15
0 0.71015625 0.6328125 0.1078125 0.12109375
0 0.81328125 0.6109375 0.084375 0.109375
0 0.92109375 0.53515625 0.1421875 0.14453125
0 0.78984375 0.45625 0.13125 0.1390625
0 0.7125 0.3421875 0.13671875 0.12890625
0 0.84765625 0.2546875 0.1171875 0.1390625
0 0.76484375 0.15703125 0.0953125 0.134375
0 0.88671875 0.15625 0.125 0.125
0 0.6265625 0.14765625 0.13671875 0.1546875
0 0.5921875 0.03515625 0.0703125 0.0703125
0 0.76796875 0.0328125 0.0609375 0.065625
0 0.95 0.0578125 0.1 0.10625
0 0.978125 0.165625 0.04296875 0.10546875
0 0.96015625 0.95546875 0.0796875 0.0890625
0 0.8625 0.96171875 0.078125 0.0765625
0 0.69765625 0.9640625 0.0796875 0.071875
0 0.56796875 0.98515625 0.0453125 0.0296875