0 0.034375 0.365625 0.06875 0.1015625
0 0.146875 0.3109375 0.1328125 0.12890625
0 0.2640625 0.2921875 0.0859375 0.1078125
0 0.41015625 0.2421875 0.09765625 0.09765625
0 0.51953125 0.22734375 0.07421875 0.0921875
0 0.6359375 0.20390625 0.0953125 0.1109375
0 0.89453125 0.1484375 0.05078125 0.0625
0 0.984375 0.1109375 0.03125 0.08203125
0 0.09375 0.5171875 0.10546875 0.08984375
0 0.2 0.4828125 0.1 0.1015625
0 0.33671875 0.46171875 0.1265625 0.1265625
0 0.56328125 0.3609375 0.1265625 0.12890625
0 0.0484375 0.6734375 0.08984375 0.11328125
0 0.13125 0.95078125 0.103125 0.0984375
0 0.0203125 0.97421875 0.040625 0.0515625
0 0.24375 0.92265625 0.078125 0.0921875
0 0.31875 0.921875 0.0625 0.08203125
0 0.14140625 0.73828125 0.1234375 0.1328125
0 0.21015625 0.84296875 0.0875 0.084375
0 0.29765625 0.7890625 0.1234375 0.14453125
0 0.25 0.6296875 0.13671875 0.146875
0 0.46484375 0.5515625 0.125 0.11875
0 0.53203125 0.6859375 0.0953125 0.1171875
0 0.3984375 0.62109375 0.08984375 0.1015625
0 0.428125 0.7640625 0.09375 0.09765625
0 0.475 0.884375 0.1015625 0.1328125
0 0.5765625 0.846875 0.09375 0.115625
0 0.84453125 0.8875 0.134375 0.1578125
0 0.7875 0.97109375 0.115625 0.0578125
0 0.8109375 0.64765625 0.078125 0.0875
0 0.89140625 0.6109375 0.0765625 0.078125
0 0.625 0.546875 0.12890625 0.171875
0 0.753125 0.50078125 0.0921875 0.0875
0 0.68359375 0.7 0.0859375 0.0921875
0 0.67109375 0.3609375 0.0765625 0.09375
0 0.86015625 0.446875 0.0484375 0.06640625
0 0.97265625 0.42890625 0.0546875 0.103125
0 0.95546875 0.26640625 0.0890625 0.1078125
0 0.803125 0.278125 0.08203125 0.0765625
0 0.7765625 0.15 0.05625 0.05078125
0 0.440625 0.37421875 0.115625 0.1578125
0 0.9375 0.8953125 0.07421875 0.0953125