0 0.36640625 0.26875 0.1421875 0.1421875
0 0.48515625 0.2109375 0.115625 0.140625
0 0.22265625 0.30390625 0.1328125 0.11875
0 0.12890625 0.43046875 0.11328125 0.115625
0 0.0328125 0.58203125 0.065625 0.1015625
0 0.58203125 0.10546875 0.09375 0.0859375
0 0.6734375 0.0578125 0.140625 0.115625
0 0.825 0.03203125 0.1 0.0640625
0 0.946875 0.02265625 0.08984375 0.0453125
0 0.89375 0.1421875 0.0953125 0.1015625
0 0.64140625 0.275 0.1 0.1328125
0 0.53515625 0.34375 0.09375 0.08984375
0 0.38984375 0.40703125 0.1234375 0.1078125
0 0.065625 0.690625 0.0796875 0.1
0 0.2015625 0.6421875 0.1015625 0.08203125
0 0.259375 0.7609375 0.171875 0.15
0 0.05546875 0.98203125 0.0578125 0.0359375
0 0.33203125 0.6421875 0.09765625 0.10546875
0 0.4796875 0.603125 0.1546875 0.16796875
0 0.58984375 0.52734375 0.125 0.1484375
0 0.6796875 0.4578125 0.1171875 0.13125
0 0.7984375 0.375 0.11328125 0.109375
0 0.96640625 0.53671875 0.0671875 0.1046875
0 0.7953125 0.803125 0.10546875 0.125
0 0.7140625 0.8734375 0.1078125 0.140625
0 0.5875 0.91171875 0.15625 0.1765625
0 0.4953125 0.97890625 0.109375 0.0421875
0 0.34453125 0.9296875 0.1390625 0.140625
0 0.4203125 0.86796875 0.140625 0.1890625
0 0.1546875 0.109375 0.10546875 0.109375
0 0.2625 0.065625 0.103125 0.1265625
0 0.415625 0.02421875 0.05078125 0.0484375
0 0.01640625 0.1515625 0.0328125 0.084375