0 0.31875 0.61015625 0.09765625 0.1078125
0 0.2484375 0.68828125 0.09375 0.1
0 0.3625 0.7375 0.1 0.11875
0 0.5015625 0.709375 0.07421875 0.07421875
0 0.4640625 0.57421875 0.103125 0.11328125
0 0.41328125 0.4421875 0.0875 0.1234375
0 0.271875 0.4109375 0.07421875 0.071875
0 0.159375 0.45703125 0.103125 0.10546875
0 0.2109375 0.56640625 0.078125 0.08203125
0 0.09453125 0.56640625 0.1265625 0.078125
0 0.325 0.91328125 0.0765625 0.071875
0 0.4109375 0.9546875 0.0953125 0.08984375
0 0.2 0.97109375 0.09375 0.0578125
0 0.034375 0.7484375 0.06875 0.1015625
0 0.03828125 0.9421875 0.0765625 0.084375
0 0.17578125 0.82421875 0.11328125 0.1171875
0 0.5640625 0.8609375 0.078125 0.0859375
0 0.60859375 0.975 0.0515625 0.05
0 0.0875 0.31875 0.1015625 0.125
0 0.1640625 0.11328125 0.078125 0.0859375
0 0.040625 0.03046875 0.08125 0.0609375
0 0.29765625 0.10234375 0.0765625 0.0609375
0 0.3859375 0.0453125 0.0921875 0.08984375
0 0.346875 0.25625 0.1109375 0.10546875
0 0.22734375 0.253125 0.0921875 0.1078125
0 0.440625 0.18828125 0.0796875 0.0875
0 0.49921875 0.35 0.071875 0.08203125
0 0.6359375 0.36796875 0.103125 0.0875
0 0.66015625 0.53125 0.09765625 0.12109375
0 0.7859375 0.52734375 0.11875 0.140625
0 0.865625 0.68125 0.14453125 0.15234375
0 0.8046875 0.81875 0.0859375 0.08984375
0 0.928125 0.8125 0.1171875 0.1328125
0 0.8765625 0.9609375 0.07421875 0.078125
0 0.98125 0.53046875 0.0375 0.1140625
0 0.90234375 0.175 0.08984375 0.1109375
0 0.9859375 0.21484375 0.02734375 0.1171875
0 0.9765625 0.0359375 0.046875 0.071875
0 0.8296875 0.0453125 0.1015625 0.08984375
0 0.6890625 0.134375 0.109375 0.09375
0 0.51484375 0.04609375 0.084375 0.0921875
0 0.61640625 0.6796875 0.0921875 0.09765625
0 0.0140625 0.2234375 0.02734375 0.0640625
0 0.83671875 0.39375 0.084375 0.084375