0 0.01875 0.0265625 0.0375 0.053125
0 0.05078125 0.153125 0.1015625 0.1265625
0 0.1296875 0.278125 0.13125 0.13125
0 0.13203125 0.0703125 0.1546875 0.128125
0 0.296875 0.0546875 0.159375 0.109375
0 0.4171875 0.03671875 0.084375 0.0734375
0 0.51796875 0.01484375 0.0734375 0.0296875
0 0.02734375 0.3234375 0.0546875 0.115625
0 0.3515625 0.178125 0.096875 0.103125
0 0.484375 0.15859375 0.078125 0.0859375
0 0.59921875 0.11796875 0.1078125 0.0921875
0 0.7140625 0.0703125 0.1 0.103125
0 0.846875 0.05234375 0.14375 0.1046875
0 0.96171875 0.0296875 0.0765625 0.059375
0 0.78984375 0.63125 0.1328125 0.09375
0 0.6984375 0.6859375 0.1 0.1125
0 0.89453125 0.56484375 0.0921875 0.0953125
0 0.97421875 0.5359375 0.0515625 0.1
0 0.9546875 0.378125 0.090625 0.096875
0 0.84921875 0.39375 0.1015625 0.1
0 0.7453125 0.44453125 0.09375 0.0921875
0 0.646875 0.5328125 0.140625 0.175
0 0.515625 0.53828125 0.103125 0.1171875
0 0.390625 0.57109375 0.1375 0.1265625
0 0.2734375 0.59921875 0.096875 0.1171875
0 0.0984375 0.7203125 0.159375 0.13125
0 0.02109375 0.72109375 0.0328125 0.0703125
0 0.0296875 0.875 0.059375 0.053125
0 0.1 0.89765625 0.096875 0.1046875
0 0.196875 0.85703125 0.121875 0.1484375
0 0.31953125 0.790625 0.1640625 0.11875
0 0.3875 0.70859375 0.134375 0.1296875
0 0.52890625 0.709375 0.1515625 0.1125
0 0.25234375 0.9578125 0.0921875 0.084375
0 0.37109375 0.946875 0.1015625 0.10625
0 0.48359375 0.85859375 0.1203125 0.1359375
0 0.56484375 0.96171875 0.1640625 0.0765625
0 0.578125 0.840625 0.115625 0.1375
0 0.70625 0.8671875 0.146875 0.171875
0 0.8625 0.81015625 0.134375 0.1390625
0 0.9265625 0.7 0.08125 0.09375
0 0.88828125 0.978125 0.0953125 0.04375
0 0.9765625 0.971875 0.046875 0.05625
0 0.98515625 0.70390625 0.0296875 0.0984375