0 0.2421875 0.175 0.06640625 0.071875
0 0.57109375 0.3234375 0.084375 0.1
0 0.4875 0.2921875 0.084375 0.103125
0 0.21953125 0.5171875 0.1390625 0.1640625
0 0.296875 0.69375 0.08984375 0.11328125
0 0.10859375 0.66328125 0.115625 0.1109375
0 0.0640625 0.9078125 0.078125 0.125
0 0.1953125 0.84453125 0.12890625 0.1390625
0 0.51640625 0.96328125 0.0859375 0.0734375
0 0.68671875 0.9515625 0.1359375 0.096875
0 0.825 0.9765625 0.1078125 0.046875
0 0.94921875 0.96875 0.1015625 0.0625
0 0.878125 0.82734375 0.134375 0.13125
0 0.74375 0.8265625 0.1328125 0.125
0 0.46171875 0.80625 0.165625 0.1953125
0 0.4046875 0.6671875 0.11328125 0.1265625
0 0.35078125 0.49296875 0.1109375 0.1546875
0 0.0609375 0.446875 0.0703125 0.08203125
0 0.0140625 0.775 0.02734375 0.05859375
0 0.02421875 0.0234375 0.0484375 0.046875
0 0.3734375 0.2140625 0.10546875 0.11875
0 0.503125 0.53515625 0.1421875 0.13671875
0 0.628125 0.503125 0.0953125 0.1234375
0 0.74609375 0.4890625 0.1484375 0.1265625
0 0.7796875 0.6765625 0.1328125 0.0953125
0 0.76640625 0.58515625 0.1234375 0.0921875
0 0.6125 0.8453125 0.103125 0.09765625
0 0.5890625 0.6640625 0.0796875 0.10546875
0 0.290625 0.96875 0.10546875 0.0625
0 0.1671875 0.36796875 0.0734375 0.07890625