0 0.1453125 0.2546875 0.1109375 0.13125
0 0.0390625 0.24296875 0.078125 0.115625
0 0.26875 0.21171875 0.1109375 0.15
0 0.3390625 0.38125 0.1234375 0.1328125
0 0.1578125 0.4046875 0.11328125 0.125
0 0.03828125 0.38203125 0.0765625 0.1078125
0 0.01953125 0.52265625 0.0390625 0.0875
0 0.121875 0.5859375 0.1078125 0.12109375
0 0.2640625 0.5421875 0.12109375 0.13125
0 0.3984375 0.54609375 0.12890625 0.1625
0 0.03203125 0.7203125 0.0640625 0.11328125
0 0.19140625 0.728125 0.12890625 0.13671875
0 0.29765625 0.7171875 0.0765625 0.13671875
0 0.47578125 0.7078125 0.103125 0.115625
0 0.128125 0.8734375 0.071875 0.07421875
0 0.24921875 0.89375 0.0953125 0.11875
0 0.3625 0.8828125 0.06875 0.07421875
0 0.53203125 0.89453125 0.115625 0.125
0 0.6984375 0.859375 0.1421875 0.16796875
0 0.73515625 0.97421875 0.0953125 0.0515625
0 0.81875 0.77734375 0.09375 0.140625
0 0.8671875 0.95078125 0.0875 0.0984375
0 0.90625 0.671875 0.08203125 0.0859375
0 0.84453125 0.584375 0.115625 0.12109375
0 0.7546875 0.62421875 0.134375 0.1703125
0 0.965625 0.54609375 0.06875 0.1484375
0 0.8890625 0.26875 0.11328125 0.134375
0 0.96328125 0.38515625 0.0734375 0.1046875
0 0.825 0.41875 0.084375 0.0765625
0 0.7140625 0.28515625 0.134375 0.12109375
0 0.95546875 0.14296875 0.0890625 0.1359375
0 0.82421875 0.1015625 0.140625 0.13671875
0 0.6390625 0.03984375 0.13671875 0.0796875
0 0.68671875 0.13203125 0.1390625 0.1234375
0 0.51875 0.0671875 0.1421875 0.13125
0 0.38359375 0.07421875 0.1078125 0.1015625
0 0.42578125 0.228125 0.140625 0.1484375
0 0.56640625 0.24375 0.13671875 0.140625
0 0.50078125 0.39921875 0.1234375 0.1390625
0 0.1046875 0.115625 0.1078125 0.08984375
0 0.03046875 0.0421875 0.0609375 0.084375
0 0.2 0.02265625 0.1078125 0.0453125
0 0.565625 0.5390625 0.103125 0.125
0 0.9703125 0.82421875 0.05859375 0.109375