0 0.14375 0.27421875 0.0640625 0.115625
0 0.19453125 0.2046875 0.1265625 0.16015625
0 0.06171875 0.26484375 0.1234375 0.1421875
0 0.30859375 0.24140625 0.109375 0.15
0 0.42109375 0.18125 0.146875 0.140625
0 0.284375 0.10859375 0.1234375 0.115625
0 0.165625 0.04765625 0.12109375 0.0953125
0 0.05546875 0.13359375 0.1078125 0.0953125
0 0.04765625 0.06328125 0.0953125 0.0640625
0 0.39375 0.04765625 0.134375 0.0953125
0 0.55859375 0.1109375 0.1328125 0.11328125
0 0.64921875 0.0328125 0.1234375 0.065625
0 0.52421875 0.025 0.0921875 0.05
0 0.67265625 0.121875 0.0953125 0.13125
0 0.859375 0.21484375 0.10546875 0.12109375
0 0.940625 0.0453125 0.1109375 0.08984375
0 0.79765625 0.08203125 0.165625 0.1640625
0 0.9765625 0.15546875 0.046875 0.103125
0 0.93828125 0.32734375 0.1234375 0.1453125
0 0.97265625 0.4421875 0.0546875 0.1265625
0 0.9921875 0.5609375 0.015625 0.0859375
0 0.96484375 0.73046875 0.0703125 0.12890625
0 0.98125 0.84609375 0.0375 0.0984375
0 0.93046875 0.95390625 0.1109375 0.0921875
0 0.7765625 0.92734375 0.13125 0.1453125
0 0.64921875 0.95390625 0.1109375 0.0921875
0 0.52421875 0.93515625 0.1453125 0.1296875
0 0.39453125 0.9578125 0.0953125 0.084375
0 0.234375 0.93828125 0.13125 0.1234375
0 0.1171875 0.97734375 0.09375 0.0453125
0 0.078125 0.86328125 0.15625 0.12890625
0 0.20234375 0.82421875 0.1109375 0.109375
0 0.321875 0.8390625 0.10546875 0.1078125
0 0.4234375 0.790625 0.1328125 0.125
0 0.5875 0.815625 0.125 0.1
0 0.69609375 0.72734375 0.11875 0.1390625
0 0.7703125 0.6484375 0.115625 0.16015625
0 0.89453125 0.615625 0.125 0.1484375
0 0.63671875 0.5984375 0.1171875 0.1109375
0 0.5234375 0.6703125 0.13671875 0.12890625
0 0.39921875 0.6671875 0.1109375 0.1234375
0 0.27734375 0.69375 0.1328125 0.1328125
0 0.1203125 0.67265625 0.1578125 0.134375
0 0.034375 0.74921875 0.06875 0.0953125
0 0.078125 0.54375 0.1171875 0.1
0 0.23125 0.5671875 0.13125 0.1078125
0 0.32890625 0.521875 0.1078125 0.1015625
0 0.46171875 0.53515625 0.1390625 0.12890625
0 0.4265625 0.4171875 0.11875 0.1
0 0.58515625 0.48125 0.11875 0.115625
0 0.6859375 0.37890625 0.12890625 0.1328125
0 0.7953125 0.3578125 0.1171875 0.13671875
0 0.74921875 0.51875 0.0953125 0.103125
0 0.5078125 0.3453125 0.1171875 0.14453125
0 0.603125 0.25078125 0.11328125 0.146875
0 0.7453125 0.23125 0.1 0.11875
0 0.26953125 0.35546875 0.11328125 0.1171875
0 0.2015625 0.43828125 0.12890625 0.1546875
0 0.046875 0.4140625 0.09375 0.12890625