0 0.05859375 0.8328125 0.109375 0.1078125
0 0.0234375 0.6421875 0.046875 0.109375
0 0.0484375 0.4453125 0.096875 0.178125
0 0.103125 0.58125 0.078125 0.1078125
0 0.16328125 0.715625 0.0921875 0.103125
0 0.3171875 0.7546875 0.0953125 0.0796875
0 0.42578125 0.6734375 0.05078125 0.046875
0 0.56328125 0.70234375 0.071875 0.0953125
0 0.6734375 0.70625 0.06640625 0.0875
0 0.765625 0.9453125 0.1171875 0.09765625
0 0.8265625 0.6546875 0.078125 0.08984375
0 0.7703125 0.5296875 0.146875 0.140625
0 0.890625 0.51484375 0.0625 0.071875
0 0.825 0.4125 0.1265625 0.1171875
0 0.67578125 0.3859375 0.09765625 0.11875
0 0.5609375 0.44453125 0.12890625 0.13125
0 0.4203125 0.41875 0.1171875 0.134375
0 0.309375 0.4328125 0.1109375 0.1265625
0 0.234375 0.49140625 0.1171875 0.1078125
0 0.1515625 0.3578125 0.1109375 0.1171875
0 0.01640625 0.3125 0.0328125 0.09765625
0 0.09453125 0.24609375 0.11875 0.125
0 0.0421875 0.096875 0.084375 0.13125
0 0.17578125 0.12421875 0.08984375 0.103125
0 0.2984375 0.14765625 0.09375 0.0953125
0 0.384375 0.05078125 0.11328125 0.1015625
0 0.4484375 0.18125 0.11875 0.125
0 0.3578125 0.2890625 0.1171875 0.140625
0 0.50703125 0.29375 0.11875 0.1390625
0 0.821875 0.1125 0.10546875 0.103125
0 0.721875 0.17265625 0.0953125 0.0796875
0 0.71484375 0.121875 0.10546875 0.06875
0 0.8640625 0.01875 0.084375 0.0375
0 0.50078125 0.01953125 0.103125 0.0390625
0 0.95625 0.1140625 0.084375 0.071875
0 0.884375 0.26640625 0.0859375 0.11875
0 0.775 0.2796875 0.125 0.1171875
0 0.60859375 0.23828125 0.0953125 0.1171875
0 0.12421875 0.95 0.0640625 0.0921875
0 0.38984375 0.56640625 0.1109375 0.12890625
0 0.5015625 0.5484375 0.1015625 0.09375
0 0.2765625 0.61796875 0.05625 0.0765625