0 0.0640625 0.94609375 0.128125 0.1046875
0 0.209375 0.94296875 0.134375 0.1140625
0 0.359375 0.93828125 0.140625 0.1234375
0 0.490625 0.928125 0.11328125 0.12109375
0 0.60078125 0.87578125 0.1578125 0.165625
0 0.68046875 0.975 0.0796875 0.05
0 0.92734375 0.9515625 0.1453125 0.096875
0 0.759375 0.9015625 0.0625 0.0609375
0 0.89375 0.846875 0.115625 0.103125
0 0.97265625 0.7984375 0.0546875 0.10546875
0 0.95078125 0.68046875 0.0984375 0.1390625
0 0.85234375 0.7171875 0.0953125 0.12109375
0 0.7515625 0.76484375 0.10546875 0.115625
0 0.546875 0.71015625 0.1484375 0.115625
0 0.44921875 0.790625 0.125 0.109375
0 0.32890625 0.81640625 0.11875 0.1171875
0 0.1765625 0.825 0.1546875 0.1234375
0 0.0515625 0.8265625 0.103125 0.109375
0 0.01171875 0.665625 0.0234375 0.0859375
0 0.07890625 0.60234375 0.1265625 0.1078125
0 0.11328125 0.7140625 0.1484375 0.1109375
0 0.24609375 0.71171875 0.1484375 0.103125
0 0.35234375 0.65546875 0.1734375 0.1234375
0 0.51484375 0.59453125 0.1 0.0875
0 0.68046875 0.640625 0.1390625 0.12890625
0 0.80625 0.584375 0.09765625 0.109375
0 0.91875 0.559375 0.103125 0.071875
0 0.98984375 0.5421875 0.0203125 0.0875
0 0.98203125 0.39140625 0.0359375 0.0828125
0 0.86875 0.44453125 0.1484375 0.13125
0 0.6484375 0.521875 0.0859375 0.10546875
0 0.71484375 0.45625 0.10546875 0.11875
0 0.1984375 0.57734375 0.13125 0.115625
0 0.32890625 0.5296875 0.1625 0.125
0 0.4734375 0.4625 0.1109375 0.1015625
0 0.584375 0.40234375 0.140625 0.13671875
0 0.6421875 0.2984375 0.1015625 0.1015625
0 0.8390625 0.2890625 0.1 0.1015625
0 0.928125 0.24609375 0.06640625 0.0859375
0 0.9890625 0.228125 0.021875 0.059375
0 0.9890625 0.1234375 0.021875 0.065625
0 0.8671875 0.13671875 0.0859375 0.0859375
0 0.709375 0.140625 0.12109375 0.1171875
0 0.640625 0.2109375 0.0625 0.0703125
0 0.5203125 0.275 0.13125 0.11328125
0 0.4 0.33203125 0.11328125 0.10546875
0 0.2859375 0.3984375 0.11875 0.1015625
0 0.15546875 0.4421875 0.146875 0.1234375
0 0.05078125 0.4796875 0.08984375 0.1078125
0 0.0875 0.3109375 0.13671875 0.125
0 0.21171875 0.275 0.1578125 0.11328125
0 0.2828125 0.1875 0.109375 0.06640625
0 0.36015625 0.23125 0.1109375 0.1
0 0.39921875 0.084375 0.1390625 0.12109375
0 0.25 0.07734375 0.15234375 0.1265625
0 0.05 0.15546875 0.1 0.1390625
0 0.146875 0.1484375 0.09765625 0.1171875
0 0.53515625 0.04765625 0.09375 0.0921875
0 0.6359375 0.0328125 0.11875 0.065625
0 0.9015625 0.02734375 0.0953125 0.0546875