0 0.0640625 0.3390625 0.128125 0.153125
0 0.040625 0.66171875 0.08125 0.1359375
0 0.04296875 0.9109375 0.0859375 0.178125
0 0.13828125 0.88125 0.1828125 0.2375
0 0.25078125 0.76640625 0.1078125 0.1421875
0 0.3140625 0.915625 0.1328125 0.16796875
0 0.46015625 0.8796875 0.1265625 0.1703125
0 0.57734375 0.8390625 0.13125 0.1578125
0 0.53671875 0.97109375 0.1203125 0.0578125
0 0.7046875 0.95390625 0.2 0.0921875
0 0.9703125 0.96328125 0.059375 0.0734375
0 0.9609375 0.83125 0.078125 0.13125
0 0.715625 0.7625 0.1234375 0.15
0 0.3953125 0.71875 0.1109375 0.11328125
0 0.49609375 0.64140625 0.14453125 0.15
0 0.63125 0.60078125 0.109375 0.15
0 0.753125 0.6046875 0.11875 0.13125
0 0.84296875 0.51640625 0.134375 0.1234375
0 0.89375 0.621875 0.1265625 0.1234375
0 0.95078125 0.46015625 0.0984375 0.2046875
0 0.978125 0.26484375 0.04296875 0.1265625
0 0.8875 0.27734375 0.1 0.109375
0 0.78828125 0.3734375 0.115625 0.08984375
0 0.6890625 0.4484375 0.15625 0.146875
0 0.459375 0.5125 0.1015625 0.0765625
0 0.5640625 0.43828125 0.078125 0.0921875
0 0.2375 0.43046875 0.0765625 0.06875
0 0.440625 0.26640625 0.13125 0.15
0 0.4859375 0.3984375 0.109375 0.1015625
0 0.32109375 0.3171875 0.1390625 0.13125
0 0.1046875 0.16875 0.146875 0.11875
0 0.17578125 0.30078125 0.1015625 0.1171875
0 0.2421875 0.18046875 0.15625 0.1421875
0 0.3609375 0.1125 0.140625 0.1546875
0 0.28828125 0.0296875 0.103125 0.05859375
0 0.17578125 0.040625 0.1078125 0.08125
0 0.04765625 0.0375 0.0953125 0.07421875
0 0.44453125 0.025 0.0890625 0.05
0 0.6140625 0.075 0.1265625 0.15
0 0.58515625 0.2796875 0.1265625 0.16796875
0 0.70703125 0.25703125 0.11328125 0.1625
0 0.75234375 0.0328125 0.1078125 0.065625
0 0.8109375 0.134375 0.12109375 0.1328125
0 0.878125 0.05546875 0.0953125 0.1109375
0 0.940625 0.15546875 0.1078125 0.115625
0 0.3140625 0.61875 0.11328125 0.134375