0 0.021875 0.496875 0.04296875 0.084375
0 0.18359375 0.596875 0.08984375 0.11875
0 0.30546875 0.13984375 0.053125 0.1078125
0 0.37578125 0.115625 0.0921875 0.125
0 0.41484375 0.0609375 0.05625 0.0625
0 0.4765625 0.58515625 0.09375 0.0875
0 0.25859375 0.45703125 0.0765625 0.08984375
0 0.3015625 0.36875 0.0796875 0.07421875
0 0.02421875 0.69140625 0.0484375 0.08984375
0 0.08125 0.64140625 0.06796875 0.0921875
0 0.27421875 0.7421875 0.0765625 0.10546875
0 0.39765625 0.65625 0.0953125 0.11328125
0 0.5390625 0.7296875 0.08984375 0.103125
0 0.4109375 0.959375 0.125 0.08125
0 0.48046875 0.921875 0.08203125 0.08203125
0 0.53515625 0.984375 0.0859375 0.03125
0 0.2734375 0.98125 0.078125 0.0375
0 0.221875 0.9046875 0.1234375 0.1171875
0 0.3421875 0.8671875 0.09765625 0.1328125
0 0.4265625 0.7703125 0.0921875 0.1109375
0 0.01171875 0.92265625 0.0234375 0.0765625