0 0.0171875 0.61953125 0.034375 0.0796875
0 0.1 0.57734375 0.09765625 0.0953125
0 0.18828125 0.5109375 0.0953125 0.115625
0 0.3375 0.4484375 0.1015625 0.1109375
0 0.46484375 0.4109375 0.078125 0.1078125
0 0.58515625 0.3734375 0.103125 0.11328125
0 0.696875 0.3328125 0.09765625 0.1078125
0 0.78984375 0.23125 0.1265625 0.1390625
0 0.9015625 0.12890625 0.1 0.10546875
0 0.978125 0.11796875 0.04296875 0.103125
0 0.0546875 0.4484375 0.109375 0.1390625
0 0.1234375 0.37421875 0.12109375 0.1421875
0 0.246875 0.3296875 0.1234375 0.125
0 0.375 0.2765625 0.13671875 0.1546875
0 0.5 0.259375 0.11328125 0.13671875
0 0.61796875 0.184375 0.134375 0.146875
0 0.73125 0.0765625 0.134375 0.1484375
0 0.9375 0.025 0.11875 0.05
0 0.83671875 0.028125 0.071875 0.05625
0 0.578125 0.0546875 0.125 0.109375
0 0.4359375 0.12421875 0.1328125 0.13125
0 0.39453125 0.0234375 0.1015625 0.046875
0 0.20546875 0.025 0.1390625 0.05
0 0.03203125 0.09765625 0.0640625 0.109375
0 0.10859375 0.06953125 0.0640625 0.09140625
0 0.0609375 0.2171875 0.09375 0.1328125
0 0.1625 0.2078125 0.1171875 0.1421875
0 0.303125 0.13671875 0.1015625 0.1171875
0 0.04375 0.7625 0.0875 0.115625
0 0.025 0.94609375 0.05 0.1046875
0 0.09453125 0.89765625 0.1078125 0.1078125
0 0.28828125 0.946875 0.134375 0.10546875
0 0.3796875 0.9046875 0.103125 0.140625
0 0.5109375 0.87109375 0.1390625 0.140625
0 0.55703125 0.97421875 0.1734375 0.0515625
0 0.721875 0.97109375 0.046875 0.0578125
0 0.83984375 0.92265625 0.1265625 0.1546875
0 0.95703125 0.865625 0.0859375 0.1484375
0 0.6546875 0.8734375 0.09765625 0.11328125
0 0.79296875 0.76875 0.11328125 0.1421875
0 0.90546875 0.721875 0.0875 0.0921875
0 0.9859375 0.70234375 0.02734375 0.115625
0 0.57421875 0.73125 0.125 0.15
0 0.43046875 0.75390625 0.1546875 0.140625
0 0.31640625 0.75859375 0.0859375 0.115625
0 0.21015625 0.828125 0.1265625 0.12890625
0 0.1828125 0.68359375 0.1234375 0.1328125
0 0.2625 0.64921875 0.1546875 0.15
0 0.365625 0.609375 0.11328125 0.12890625
0 0.503125 0.55859375 0.13125 0.15625
0 0.6375 0.51171875 0.1234375 0.1328125
0 0.6953125 0.64140625 0.1328125 0.15
0 0.8390625 0.60859375 0.0875 0.103125
0 0.96171875 0.55078125 0.0765625 0.1234375
0 0.878125 0.390625 0.13125 0.1640625
0 0.94921875 0.2796875 0.1015625 0.11328125
0 0.9765625 0.42578125 0.046875 0.08984375
0 0.74921875 0.453125 0.1078125 0.125