0 0.02265625 0.12421875 0.0453125 0.084375
0 0.08984375 0.05 0.1171875 0.1
0 0.13203125 0.16328125 0.103125 0.1109375
0 0.0625 0.228125 0.11328125 0.125
0 0.2234375 0.0828125 0.1078125 0.09921875
0 0.1 0.375 0.0859375 0.1015625
0 0.2078125 0.3125 0.1421875 0.12890625
0 0.3625 0.0453125 0.1 0.08984375
0 0.39921875 0.15625 0.1234375 0.14453125
0 0.49375 0.0734375 0.15234375 0.146875
0 0.6390625 0.0515625 0.15234375 0.103125
0 0.775 0.015625 0.09375 0.03125
0 0.81640625 0.109375 0.10546875 0.10546875
0 0.94921875 0.10546875 0.1015625 0.1328125
0 0.5796875 0.18046875 0.140625 0.1421875
0 0.70703125 0.2078125 0.11328125 0.115625
0 0.875 0.21796875 0.1484375 0.15
0 0.99375 0.234375 0.01171875 0.0859375
0 0.93828125 0.35859375 0.1234375 0.1328125
0 0.771875 0.3484375 0.09765625 0.0921875
0 0.49140625 0.315625 0.146875 0.13125
0 0.346875 0.31875 0.115625 0.13671875
0 0.0390625 0.5234375 0.078125 0.08984375
0 0.153125 0.475 0.084375 0.09765625
0 0.2703125 0.43671875 0.134375 0.11875
0 0.4140625 0.46171875 0.1328125 0.1578125
0 0.553125 0.4421875 0.12890625 0.1234375
0 0.1796875 0.6 0.13671875 0.13671875
0 0.10234375 0.67109375 0.1265625 0.1078125
0 0.04296875 0.8109375 0.0859375 0.125
0 0.1375 0.825 0.1109375 0.13125
0 0.07890625 0.94609375 0.1015625 0.1078125
0 0.21796875 0.94921875 0.165625 0.1015625
0 0.4125 0.9671875 0.11875 0.065625
0 0.3265625 0.85625 0.140625 0.146875
0 0.265625 0.7296875 0.1015625 0.1078125
0 0.38671875 0.67109375 0.12890625 0.1265625
0 0.4453125 0.796875 0.1015625 0.11328125
0 0.5015625 0.9203125 0.11328125 0.125
0 0.63203125 0.896875 0.13125 0.1484375
0 0.5015625 0.5859375 0.12109375 0.14453125
0 0.61796875 0.56640625 0.103125 0.125
0 0.6765625 0.7078125 0.13125 0.1390625
0 0.8109375 0.7 0.1328125 0.1265625
0 0.93984375 0.678125 0.1203125 0.134375
0 0.9890625 0.84140625 0.021875 0.0984375
0 0.9359375 0.95078125 0.128125 0.0984375
0 0.82734375 0.97421875 0.0765625 0.0515625
0 0.7734375 0.8578125 0.0859375 0.1171875
0 0.88359375 0.8453125 0.1390625 0.14453125
0 0.7453125 0.53984375 0.13125 0.146875
0 0.89140625 0.53515625 0.1625 0.15625
0 0.97109375 0.48828125 0.0578125 0.1109375