0 0.07109375 0.04609375 0.103125 0.0921875
0 0.025 0.17109375 0.05 0.0765625
0 0.0390625 0.29296875 0.078125 0.10546875
0 0.1140625 0.196875 0.13125 0.12890625
0 0.2421875 0.17109375 0.109375 0.1078125
0 0.1703125 0.03046875 0.11328125 0.0609375
0 0.3015625 0.0515625 0.13125 0.0921875
0 0.3734375 0.171875 0.14453125 0.140625
0 0.490625 0.08984375 0.125 0.10546875
0 0.5875 0.0328125 0.09375 0.065625
0 0.73515625 0.11640625 0.1234375 0.1109375
0 0.6171875 0.171875 0.1328125 0.14453125
0 0.5453125 0.23125 0.13671875 0.1421875
0 0.43046875 0.31328125 0.1078125 0.0953125
0 0.27421875 0.30625 0.15 0.1171875
0 0.1625 0.3375 0.08203125 0.1015625
0 0.009375 0.484375 0.01875 0.103125
0 0.084375 0.46875 0.1328125 0.15234375
0 0.0546875 0.65234375 0.109375 0.125
0 0.14921875 0.5984375 0.1421875 0.1109375
0 0.24375 0.48359375 0.1015625 0.1390625
0 0.38984375 0.4453125 0.146875 0.15234375
0 0.509375 0.48125 0.1171875 0.13125
0 0.63671875 0.4421875 0.12109375 0.146875
0 0.8234375 0.2515625 0.103125 0.1015625
0 0.94765625 0.23984375 0.1046875 0.1609375
0 0.89453125 0.10625 0.140625 0.13125
0 0.984375 0.10625 0.03125 0.1078125
0 0.96328125 0.015625 0.0734375 0.03125
0 0.84765625 0.01484375 0.10546875 0.0296875
0 0.8828125 0.384375 0.15234375 0.13671875
0 0.803125 0.5125 0.1484375 0.115625
0 0.690625 0.5875 0.1078125 0.1171875
0 0.453125 0.62421875 0.140625 0.11875
0 0.3171875 0.609375 0.1390625 0.125
0 0.1953125 0.7546875 0.15625 0.1578125
0 0.09375 0.79765625 0.125 0.146875
0 0.0390625 0.93671875 0.078125 0.11875
0 0.1546875 0.9546875 0.13671875 0.08984375
0 0.26171875 0.9203125 0.078125 0.11328125
0 0.35859375 0.984375 0.0921875 0.03125
0 0.33515625 0.7734375 0.134375 0.13671875
0 0.50390625 0.78828125 0.12109375 0.15
0 0.53515625 0.93515625 0.1484375 0.1296875
0 0.69921875 0.915625 0.1875 0.16796875
0 0.62578125 0.73828125 0.115625 0.13671875
0 0.7796875 0.76171875 0.1328125 0.15625
0 0.93046875 0.809375 0.115625 0.1421875
0 0.8921875 0.62890625 0.1328125 0.14453125
0 0.9625 0.51875 0.07421875 0.13125