0 0.0546875 0.8109375 0.09765625 0.109375
0 0.12421875 0.909375 0.1546875 0.1546875
0 0.2609375 0.8734375 0.103125 0.109375
0 0.353125 0.8203125 0.09375 0.1328125
0 0.4046875 0.9390625 0.1015625 0.12109375
0 0.53828125 0.9375 0.15 0.125
0 0.7140625 0.93359375 0.1 0.1328125
0 0.83828125 0.93984375 0.1140625 0.1203125
0 0.95078125 0.9265625 0.0984375 0.146875
0 0.17109375 0.74921875 0.134375 0.146875
0 0.290625 0.690625 0.109375 0.1265625
0 0.44375 0.68828125 0.07421875 0.0875
0 0.53125 0.6 0.09375 0.12109375
0 0.5984375 0.72734375 0.103125 0.11875
0 0.4921875 0.8171875 0.1484375 0.1390625
0 0.64453125 0.8265625 0.1015625 0.09375
0 0.78828125 0.83984375 0.0921875 0.1015625
0 0.71796875 0.6875 0.1234375 0.12890625
0 0.81953125 0.6203125 0.11875 0.1578125
0 0.8796875 0.771875 0.0796875 0.08984375
0 0.95703125 0.6953125 0.0859375 0.12890625
0 0.9265625 0.60234375 0.1 0.1078125
0 0.97734375 0.49609375 0.0453125 0.0921875
0 0.8828125 0.4640625 0.1015625 0.1234375
0 0.73125 0.5125 0.103125 0.115625
0 0.63359375 0.5640625 0.0875 0.11328125
0 0.35625 0.54609375 0.0953125 0.1
0 0.45390625 0.48046875 0.071875 0.08984375
0 0.50390625 0.35078125 0.078125 0.1
0 0.59765625 0.43359375 0.09765625 0.12109375
0 0.7 0.3484375 0.11875 0.1109375
0 0.76875 0.2765625 0.06875 0.0765625
0 0.79296875 0.1828125 0.1015625 0.1
0 0.665625 0.1015625 0.12890625 0.140625
0 0.7640625 0.04296875 0.09765625 0.0859375
0 0.49140625 0.075 0.071875 0.08359375
0 0.409375 0.1734375 0.134375 0.140625
0 0.12421875 0.0640625 0.1203125 0.128125
0 0.17890625 0.165625 0.1234375 0.125
0 0.0421875 0.1984375 0.084375 0.103125
0 0.0921875 0.30859375 0.109375 0.1328125
0 0.24375 0.315625 0.10546875 0.134375
0 0.3109375 0.428125 0.09765625 0.125
0 0.0484375 0.53671875 0.096875 0.1046875
0 0.11875 0.60546875 0.1171875 0.1328125
0 0.03125 0.6515625 0.0625 0.115625
0 0.2515625 0.57890625 0.1015625 0.1