0 0.03125 0.49921875 0.0625 0.1234375
0 0.121875 0.49375 0.115625 0.1484375
0 0.2109375 0.4375 0.08203125 0.109375
0 0.31875 0.35 0.1171875 0.12890625
0 0.45390625 0.2890625 0.1234375 0.12109375
0 0.590625 0.275 0.1234375 0.1171875
0 0.80546875 0.271875 0.0953125 0.1015625
0 0.921875 0.21171875 0.09765625 0.1234375
0 0.890625 0.38359375 0.0703125 0.06875
0 0.646875 0.42109375 0.14453125 0.146875
0 0.4984375 0.4390625 0.11328125 0.1171875
0 0.39140625 0.48046875 0.11875 0.12890625
0 0.296875 0.571875 0.12890625 0.14453125
0 0.19375 0.63359375 0.109375 0.11875
0 0.05 0.62421875 0.1 0.115625
0 0.01953125 0.74921875 0.03515625 0.115625
0 0.1015625 0.73828125 0.1171875 0.13671875
0 0.040625 0.875 0.08125 0.125
0 0.1796875 0.8921875 0.1015625 0.1171875
0 0.3421875 0.9328125 0.125 0.13125
0 0.425 0.834375 0.134375 0.125
0 0.503125 0.95078125 0.128125 0.0984375
0 0.24921875 0.78125 0.1078125 0.11328125
0 0.45625 0.60625 0.115625 0.115625
0 0.52734375 0.72578125 0.1171875 0.1078125
0 0.58984375 0.87421875 0.12109375 0.1
0 0.70703125 0.86796875 0.0859375 0.084375
0 0.815625 0.890625 0.0796875 0.1015625
0 0.871875 0.95859375 0.1 0.0828125
0 0.94375 0.85625 0.09375 0.06875
0 0.7828125 0.70234375 0.109375 0.1078125
0 0.896875 0.71875 0.10546875 0.1171875
0 0.97421875 0.64765625 0.0515625 0.1046875
0 0.8765625 0.8109375 0.13671875 0.08984375
0 0.57421875 0.5953125 0.0859375 0.1015625
0 0.6953125 0.571875 0.109375 0.1171875
0 0.84375 0.571875 0.11328125 0.109375
0 0.5015625 0.1390625 0.13671875 0.1328125
0 0.37890625 0.1703125 0.11328125 0.1328125
0 0.2546875 0.2078125 0.134375 0.15
0 0.14765625 0.28203125 0.1078125 0.134375
0 0.0546875 0.346875 0.0859375 0.11875
0 0.0265625 0.2046875 0.053125 0.10546875
0 0.0546875 0.096875 0.09375 0.0875
0 0.02265625 0.015625 0.0453125 0.03125
0 0.19609375 0.08515625 0.0921875 0.115625
0 0.28515625 0.05 0.1171875 0.1
0 0.425 0.03515625 0.13125 0.0703125
0 0.54765625 0.0328125 0.1046875 0.065625