0 0.03046875 0.2625 0.0609375 0.1390625
0 0.0609375 0.1453125 0.078125 0.0921875
0 0.13671875 0.27265625 0.09765625 0.1109375
0 0.16796875 0.1109375 0.0546875 0.06640625
0 0.2375 0.19140625 0.0921875 0.07421875
0 0.51484375 0.1625 0.1 0.08203125
0 0.434375 0.20234375 0.0796875 0.1109375
0 0.671875 0.26171875 0.08984375 0.09765625
0 0.6328125 0.1453125 0.08203125 0.084375
0 0.675 0.4953125 0.0921875 0.1
0 0.7421875 0.3703125 0.0546875 0.0875
0 0.54296875 0.52265625 0.1171875 0.146875
0 0.32890625 0.328125 0.0765625 0.1015625
0 0.23515625 0.4515625 0.1578125 0.15625
0 0.1 0.66484375 0.13671875 0.15
0 0.028125 0.84453125 0.05625 0.165625
0 0.11484375 0.9734375 0.0984375 0.053125
0 0.2953125 0.90234375 0.1875 0.1484375
0 0.16015625 0.8109375 0.15234375 0.14453125
0 0.278125 0.7890625 0.0953125 0.12890625
0 0.4546875 0.8625 0.09375 0.146875
0 0.5359375 0.7703125 0.115625 0.1234375
0 0.61015625 0.69453125 0.1234375 0.11875
0 0.3734375 0.68828125 0.140625 0.11875
0 0.428125 0.5484375 0.1171875 0.13671875
0 0.31171875 0.58125 0.134375 0.146875
0 0.1703125 0.54296875 0.15234375 0.16796875
0 0.06328125 0.40625 0.1265625 0.12109375
0 0.040625 0.5421875 0.08125 0.16875