0 0.05 0.8953125 0.1 0.1109375
0 0.1015625 0.84765625 0.1015625 0.08984375
0 0.06796875 0.98125 0.0890625 0.0375
0 0.1734375 0.96953125 0.109375 0.0609375
0 0.259375 0.890625 0.11328125 0.11328125
0 0.3484375 0.84296875 0.134375 0.1109375
0 0.3109375 0.98828125 0.0625 0.0234375
0 0.42109375 0.95 0.1171875 0.1
0 0.51875 0.88359375 0.1234375 0.115625
0 0.63671875 0.86875 0.125 0.12109375
0 0.78125 0.846875 0.140625 0.1234375
0 0.84375 0.953125 0.125 0.09375
0 0.9625 0.94375 0.075 0.1125
0 0.98671875 0.7625 0.0265625 0.078125
0 0.91015625 0.803125 0.12109375 0.1328125
0 0.0484375 0.68671875 0.096875 0.1421875
0 0.1359375 0.6046875 0.1390625 0.103125
0 0.225 0.5453125 0.11328125 0.10546875
0 0.3078125 0.475 0.165625 0.11328125
0 0.39375 0.33125 0.1578125 0.146875
0 0.50625 0.1875 0.13671875 0.13671875
0 0.609375 0.2015625 0.140625 0.109375
0 0.75859375 0.15546875 0.115625 0.115625
0 0.578125 0.04296875 0.078125 0.08203125
0 0.6890625 0.0359375 0.13671875 0.071875
0 0.85234375 0.03984375 0.0640625 0.0765625
0 0.96484375 0.0953125 0.0703125 0.11328125
0 0.82421875 0.309375 0.125 0.134375
0 0.946875 0.30390625 0.10546875 0.1390625
0 0.984375 0.4484375 0.03125 0.1078125
0 0.9421875 0.615625 0.115625 0.15
0 0.8375 0.6421875 0.1015625 0.13671875
0 0.778125 0.4921875 0.115625 0.1484375
0 0.8828125 0.45703125 0.125 0.14453125
0 0.68046875 0.34453125 0.13125 0.1265625
0 0.5515625 0.3265625 0.1421875 0.12109375
0 0.49375 0.4765625 0.125 0.109375
0 0.6046875 0.46171875 0.15 0.134375
0 0.39453125 0.5953125 0.12109375 0.1171875
0 0.44140625 0.74140625 0.1484375 0.1234375
0 0.2671875 0.7015625 0.171875 0.12890625
0 0.153125 0.7640625 0.1265625 0.12109375
0 0.50859375 0.61875 0.103125 0.125
0 0.64765625 0.61015625 0.1625 0.11875
0 0.725 0.7203125 0.125 0.1328125
0 0.590625 0.7359375 0.11875 0.11328125
0 0.58828125 0.97421875 0.0640625 0.0515625
0 0.0234375 0.4953125 0.046875 0.1078125
0 0.14765625 0.4125 0.1 0.1015625
0 0.24140625 0.32734375 0.11875 0.1421875
0 0.3140625 0.21015625 0.14453125 0.115625
0 0.034375 0.3609375 0.06875 0.1015625
0 0.0953125 0.26875 0.10546875 0.103125
0 0.025 0.10703125 0.05 0.0984375
0 0.1140625 0.09765625 0.11875 0.1171875
0 0.03046875 0.0125 0.0609375 0.025
0 0.22734375 0.0203125 0.1265625 0.040625
0 0.196875 0.18046875 0.1015625 0.1265625
0 0.28828125 0.10078125 0.13125 0.103125
0 0.44140625 0.05625 0.13671875 0.09765625