0 0.0421875 0.7015625 0.084375 0.1328125
0 0.16484375 0.678125 0.1 0.1171875
0 0.290625 0.67109375 0.12109375 0.115625
0 0.42109375 0.6078125 0.1234375 0.15234375
0 0.5421875 0.58515625 0.11875 0.115625
0 0.76640625 0.428125 0.1234375 0.11328125
0 0.88203125 0.4390625 0.0796875 0.109375
0 0.975 0.453125 0.05 0.13125
0 0.9546875 0.3046875 0.08984375 0.125
0 0.834375 0.3125 0.08984375 0.109375
0 0.68359375 0.28984375 0.09765625 0.115625
0 0.5875 0.4 0.08984375 0.09765625
0 0.46796875 0.4453125 0.115625 0.11328125
0 0.33203125 0.4328125 0.11328125 0.134375
0 0.24296875 0.52734375 0.115625 0.109375
0 0.0140625 0.5625 0.02734375 0.09375
0 0.0859375 0.53203125 0.08984375 0.1078125
0 0.03515625 0.4109375 0.0703125 0.1078125
0 0.07734375 0.23828125 0.11875 0.1328125
0 0.1421875 0.384375 0.109375 0.1328125
0 0.2609375 0.30078125 0.1078125 0.125
0 0.38359375 0.31953125 0.1265625 0.1234375
0 0.5265625 0.27421875 0.1421875 0.165625
0 0.7 0.05859375 0.134375 0.1171875
0 0.8203125 0.05546875 0.11328125 0.1109375
0 0.89140625 0.16015625 0.1578125 0.15234375
0 0.98515625 0.09140625 0.0296875 0.0984375
0 0.7484375 0.184375 0.12109375 0.11875
0 0.45390625 0.12578125 0.1234375 0.134375
0 0.5140625 0.04609375 0.1171875 0.0921875
0 0.4046875 0.021875 0.078125 0.04296875
0 0.28828125 0.0390625 0.1625 0.078125
0 0.334375 0.1640625 0.12109375 0.12890625
0 0.03046875 0.11875 0.0609375 0.10546875
0 0.10078125 0.03125 0.1234375 0.0625
0 0.11796875 0.87578125 0.0953125 0.134375
0 0.23359375 0.8390625 0.134375 0.146875
0 0.39765625 0.83125 0.11875 0.146875
0 0.515625 0.75859375 0.08984375 0.1109375
0 0.59453125 0.71171875 0.1 0.1234375
0 0.71953125 0.7015625 0.134375 0.140625
0 0.8796875 0.70625 0.13125 0.1625
0 0.97421875 0.628125 0.0515625 0.1125
0 0.953125 0.84453125 0.09375 0.1265625
0 0.840625 0.88359375 0.1390625 0.15
0 0.6796875 0.8671875 0.1171875 0.125
0 0.54296875 0.89453125 0.1171875 0.1328125
0 0.28828125 0.95390625 0.1203125 0.0921875
0 0.43671875 0.9625 0.1265625 0.07421875
0 0.73046875 0.96484375 0.12890625 0.0703125
0 0.878125 0.98828125 0.06875 0.0234375