0 0.1 0.978125 0.08203125 0.04296875
0 0.04296875 0.9171875 0.0859375 0.1265625
0 0.01953125 0.77421875 0.0390625 0.103125
0 0.1140625 0.828125 0.0921875 0.109375
0 0.1921875 0.96484375 0.071875 0.0703125
0 0.278125 0.9125 0.146875 0.175
0 0.46484375 0.9390625 0.06640625 0.05859375
0 0.62578125 0.978125 0.0765625 0.04296875
0 0.584375 0.9046875 0.1171875 0.125
0 0.7609375 0.94296875 0.13125 0.1140625
0 0.88125 0.95703125 0.09375 0.0859375
0 0.9609375 0.88984375 0.078125 0.1265625
0 0.96953125 0.66015625 0.0609375 0.1265625
0 0.93515625 0.55 0.1296875 0.134375
0 0.9515625 0.37421875 0.096875 0.1328125
0 0.903125 0.77421875 0.1421875 0.1578125
0 0.8046875 0.809375 0.1171875 0.15
0 0.67578125 0.821875 0.125 0.171875
0 0.7484375 0.703125 0.09765625 0.0859375
0 0.85 0.61875 0.09765625 0.09375
0 0.7984375 0.53828125 0.09375 0.11875
0 0.6234375 0.7046875 0.10546875 0.1015625
0 0.5640625 0.6 0.10546875 0.09765625
0 0.678125 0.5765625 0.1171875 0.13671875
0 0.48359375 0.75625 0.146875 0.140625
0 0.36796875 0.80078125 0.115625 0.12109375
0 0.303125 0.684375 0.125 0.134375
0 0.228125 0.76953125 0.12890625 0.12109375
0 0.17578125 0.6609375 0.08984375 0.0875
0 0.04609375 0.625 0.0921875 0.1328125
0 0.05859375 0.4296875 0.08984375 0.12109375
0 0.13359375 0.5265625 0.1109375 0.13125
0 0.24140625 0.55625 0.0921875 0.11328125
0 0.378125 0.4890625 0.0953125 0.1078125
0 0.48828125 0.5046875 0.078125 0.0796875
0 0.44375 0.6265625 0.0859375 0.109375
0 0.60625 0.45390625 0.1390625 0.13125
0 0.7421875 0.3921875 0.13671875 0.13671875
0 0.8625 0.3421875 0.0796875 0.10546875
0 0.903125 0.2421875 0.1 0.11328125
0 0.80390625 0.225 0.071875 0.10546875
0 0.6859375 0.27265625 0.10546875 0.1078125
0 0.5296875 0.33125 0.1171875 0.11875
0 0.42890625 0.3625 0.1265625 0.1265625
0 0.309375 0.36875 0.1 0.125
0 0.03515625 0.30625 0.0703125 0.09765625
0 0.228125 0.43125 0.078125 0.0859375
0 0.2765625 0.24140625 0.103125 0.11875
0 0.39765625 0.2625 0.13125 0.103125
0 0.4875 0.1890625 0.103125 0.125
0 0.4125 0.0671875 0.12109375 0.1265625
0 0.34296875 0.15546875 0.0953125 0.1078125
0 0.1671875 0.1296875 0.0921875 0.1109375
0 0.05390625 0.10078125 0.1078125 0.115625
0 0.68046875 0.03828125 0.1 0.0765625
0 0.7421875 0.1296875 0.09765625 0.1078125
0 0.853125 0.103125 0.109375 0.12890625
0 0.9578125 0.06875 0.084375 0.13125
0 0.88203125 0.01953125 0.0640625 0.0390625