0 0.44140625 0.3390625 0.1171875 0.11875
0 0.60859375 0.3796875 0.146875 0.1390625
0 0.6859375 0.5265625 0.109375 0.1109375
0 0.51953125 0.4703125 0.11328125 0.09375
0 0.4109375 0.571875 0.1421875 0.1171875
0 0.4015625 0.484375 0.13125 0.10546875
0 0.57421875 0.57890625 0.1328125 0.13125
0 0.7796875 0.4625 0.1171875 0.125
0 0.7265625 0.31875 0.12109375 0.13671875
0 0.6734375 0.20703125 0.10546875 0.109375
0 0.5046875 0.153125 0.15 0.1390625
0 0.284375 0.27421875 0.134375 0.1234375
0 0.3734375 0.1875 0.12109375 0.125
0 0.2234375 0.1484375 0.1734375 0.1171875
0 0.0671875 0.16328125 0.134375 0.1265625
0 0.146875 0.26953125 0.12890625 0.12109375
0 0.04765625 0.3140625 0.0953125 0.12890625
0 0.07421875 0.4375 0.1328125 0.125
0 0.2171875 0.40234375 0.1015625 0.09375
0 0.3265625 0.4 0.12109375 0.1015625
0 0.109375 0.5578125 0.1484375 0.1390625
0 0.05859375 0.69609375 0.1171875 0.1078125
0 0.1125 0.80859375 0.1546875 0.140625
0 0.0203125 0.82421875 0.040625 0.12109375
0 0.0203125 0.5546875 0.040625 0.10546875
0 0.253125 0.76953125 0.146875 0.13671875
0 0.21171875 0.95078125 0.1265625 0.0984375
0 0.36796875 0.94765625 0.1390625 0.1046875
0 0.471875 0.93984375 0.109375 0.1203125
0 0.5828125 0.896875 0.11875 0.1015625
0 0.62890625 0.97265625 0.10546875 0.0546875
0 0.753125 0.953125 0.1109375 0.09375
0 0.89921875 0.9625 0.1421875 0.07421875
0 0.95546875 0.77890625 0.0890625 0.1328125
0 0.80390625 0.753125 0.0953125 0.1265625
0 0.7140625 0.86640625 0.115625 0.11875
0 0.859375 0.8640625 0.12109375 0.11875
0 0.55078125 0.77734375 0.09765625 0.11328125
0 0.41875 0.81328125 0.1265625 0.1265625
0 0.5140625 0.66875 0.125 0.103125
0 0.67890625 0.73125 0.1234375 0.11875
0 0.7625 0.65 0.06875 0.08203125
0 0.859375 0.5703125 0.11328125 0.109375
0 0.89921875 0.690625 0.1078125 0.1390625
0 0.98125 0.61875 0.0375 0.109375
0 0.96640625 0.525 0.0671875 0.109375
0 0.92109375 0.4078125 0.1 0.09765625
0 0.87578125 0.2921875 0.103125 0.1265625
0 0.9171875 0.17265625 0.1390625 0.13125
0 0.8 0.16015625 0.1 0.15234375
0 0.8734375 0.05390625 0.09375 0.1078125
0 0.97265625 0.0109375 0.0546875 0.021875
0 0.596875 0.06875 0.1234375 0.13671875
0 0.4046875 0.028125 0.07421875 0.05625
0 0.490625 0.02265625 0.06640625 0.0453125
0 0.30078125 0.03515625 0.12890625 0.0703125
0 0.196875 0.03828125 0.10546875 0.0765625
0 0.04609375 0.03515625 0.0765625 0.0546875
0 0.27734375 0.5265625 0.12890625 0.1265625
0 0.309375 0.6578125 0.165625 0.0703125
0 0.36328125 0.7328125 0.05859375 0.06640625
0 0.9859375 0.3109375 0.02734375 0.06640625