0 0.05859375 0.2234375 0.1171875 0.1546875
0 0.0109375 0.1203125 0.021875 0.1
0 0.11640625 0.1484375 0.1078125 0.10546875
0 0.21015625 0.046875 0.0796875 0.08984375
0 0.24140625 0.153125 0.0765625 0.0953125
0 0.034375 0.47578125 0.06875 0.1265625
0 0.10546875 0.409375 0.14453125 0.196875
0 0.25078125 0.409375 0.1265625 0.11875
0 0.1921875 0.25703125 0.0921875 0.0953125
0 0.3140625 0.2640625 0.10546875 0.1171875
0 0.4046875 0.175 0.125 0.1390625
0 0.4828125 0.06328125 0.13671875 0.1265625
0 0.6203125 0.0625 0.115625 0.125
0 0.540625 0.1953125 0.125 0.1171875
0 0.89921875 0.08984375 0.13125 0.1328125
0 0.7125 0.23125 0.13671875 0.134375
0 0.85234375 0.2234375 0.1265625 0.146875
0 0.96171875 0.2109375 0.0765625 0.134375
0 0.96484375 0.478125 0.0703125 0.140625
0 0.85 0.48359375 0.14453125 0.134375
0 0.91484375 0.61796875 0.134375 0.1234375
0 0.7921875 0.35859375 0.1234375 0.134375
0 0.60859375 0.33203125 0.0953125 0.1171875
0 0.53984375 0.4265625 0.1109375 0.1265625
0 0.68046875 0.4703125 0.103125 0.078125
0 0.4453125 0.496875 0.1328125 0.1390625
0 0.30546875 0.546875 0.1390625 0.1328125
0 0.0828125 0.6203125 0.1078125 0.11875
0 0.0515625 0.84453125 0.103125 0.134375
0 0.0953125 0.96484375 0.109375 0.0703125
0 0.29296875 0.9703125 0.13671875 0.05859375
0 0.42265625 0.95703125 0.1234375 0.0859375
0 0.52890625 0.9671875 0.0828125 0.065625
0 0.6921875 0.9859375 0.0796875 0.02734375
0 0.79921875 0.98125 0.0953125 0.0375
0 0.6328125 0.91796875 0.125 0.1484375
0 0.746875 0.865625 0.11875 0.12890625
0 0.88203125 0.8640625 0.11875 0.1390625
0 0.97421875 0.84609375 0.0515625 0.0953125
0 0.965625 0.73359375 0.06875 0.1046875
0 0.81875 0.72578125 0.1171875 0.134375
0 0.675 0.71015625 0.1390625 0.134375
0 0.56328125 0.7890625 0.103125 0.08984375
0 0.39375 0.690625 0.1109375 0.1109375
0 0.2671875 0.7109375 0.14453125 0.1484375
0 0.13125 0.7453125 0.15625 0.15
0 0.2 0.87109375 0.13125 0.125
0 0.31875 0.8515625 0.12109375 0.14453125
0 0.50859375 0.6421875 0.13125 0.140625
0 0.625 0.57890625 0.1015625 0.1265625
0 0.7421875 0.5859375 0.12890625 0.14453125
0 0.3921875 0.38359375 0.13671875 0.11875