0 0.05859375 0.10859375 0.1171875 0.134375
0 0.1890625 0.0625 0.125 0.11328125
0 0.2890625 0.01875 0.10546875 0.0375
0 0.3625 0.11015625 0.13125 0.134375
0 0.4671875 0.053125 0.1015625 0.10546875
0 0.5828125 0.05 0.134375 0.0921875
0 0.65625 0.1203125 0.09375 0.0875
0 0.73828125 0.04609375 0.125 0.0921875
0 0.9109375 0.0703125 0.1421875 0.13671875
0 0.97421875 0.03046875 0.0515625 0.0609375
0 0.959375 0.20390625 0.08125 0.1234375
0 0.984375 0.34765625 0.03125 0.09765625
0 0.703125 0.259375 0.12109375 0.1484375
0 0.58984375 0.3203125 0.1015625 0.125
0 0.546875 0.17109375 0.140625 0.1390625
0 0.4140625 0.2484375 0.125 0.15234375
0 0.2703125 0.253125 0.1421875 0.1390625
0 0.1640625 0.3390625 0.12890625 0.134375
0 0.0203125 0.246875 0.040625 0.0796875
0 0.05546875 0.34375 0.0796875 0.09375
0 0.065625 0.5234375 0.13125 0.171875
0 0.03515625 0.640625 0.0703125 0.078125
0 0.1640625 0.6125 0.0859375 0.0875
0 0.2328125 0.4921875 0.11328125 0.12890625
0 0.340625 0.3828125 0.084375 0.125
0 0.47734375 0.3796875 0.115625 0.1234375
0 0.6515625 0.4796875 0.134375 0.1703125
0 0.52265625 0.51875 0.0875 0.134375
0 0.41015625 0.540625 0.12890625 0.15625
0 0.30546875 0.6390625 0.13125 0.15234375
0 0.23828125 0.79609375 0.1484375 0.165625
0 0.09453125 0.7609375 0.134375 0.146875
0 0.153125 0.915625 0.1265625 0.15625
0 0.6921875 0.93359375 0.1234375 0.1328125
0 0.484375 0.6859375 0.11328125 0.12109375
0 0.7890625 0.4328125 0.1015625 0.1421875
0 0.93125 0.77265625 0.13671875 0.1265625
0 0.978125 0.67578125 0.04296875 0.11328125
0 0.8109375 0.8703125 0.171875 0.178125
0 0.85234375 0.96640625 0.0984375 0.0671875
0 0.95078125 0.9125 0.0984375 0.171875