0 0.41328125 0.73984375 0.10703125 0.09921875
0 0.47890625 0.87421875 0.10859375 0.12734375
0 0.3578125 0.93203125 0.09765625 0.1125
0 0.51796875 0.965625 0.115625 0.06875
0 0.31015625 0.7984375 0.12421875 0.121875
0 0.36953125 0.63203125 0.1171875 0.1296875
0 0.25 0.6828125 0.08828125 0.09609375
0 0.5328125 0.43203125 0.11875 0.11796875
0 0.39140625 0.42734375 0.13046875 0.1171875
0 0.2046875 0.29453125 0.1359375 0.12890625
0 0.415625 0.16171875 0.10703125 0.11640625
0 0.75859375 0.33125 0.1140625 0.090625
0 0.77890625 0.66640625 0.11953125 0.13984375
0 0.6484375 0.66484375 0.11640625 0.1140625
0 0.9015625 0.64921875 0.128125 0.14140625
0 0.96171875 0.80234375 0.0765625 0.1234375
0 0.88046875 0.93671875 0.1265625 0.1265625
0 0.9796875 0.9390625 0.040625 0.103125
0 0.6703125 0.96953125 0.103125 0.0609375
0 0.775 0.9453125 0.08828125 0.10859375
0 0.59453125 0.8515625 0.09921875 0.1484375
0 0.71953125 0.81875 0.0671875 0.10546875
0 0.79453125 0.8203125 0.0734375 0.1390625
0 0.5203125 0.56875 0.115625 0.1234375
0 0.625 0.53515625 0.0921875 0.10546875
0 0.71640625 0.50546875 0.08359375 0.1078125
0 0.8453125 0.5203125 0.1265625 0.1203125
0 0.9578125 0.4671875 0.084375 0.13828125
0 0.91875 0.3453125 0.11796875 0.1234375
0 0.965625 0.221875 0.06875 0.1171875
0 0.8390625 0.22890625 0.1453125 0.1390625
0 0.93203125 0.1171875 0.13515625 0.12265625
0 0.77890625 0.10546875 0.09765625 0.09375
0 0.6765625 0.19921875 0.0984375 0.11640625
0 0.56015625 0.1546875 0.12421875 0.11640625
0 0.65390625 0.0515625 0.1390625 0.103125
0 0.3625 0.040625 0.07734375 0.08046875
0 0.21953125 0.06328125 0.1125 0.11640625
0 0.05234375 0.4984375 0.1046875 0.14296875
0 0.0828125 0.62578125 0.1015625 0.1125
0 0.10390625 0.7703125 0.13046875 0.134375
0 0.06796875 0.8859375 0.1171875 0.1109375
0 0.2 0.91875 0.14921875 0.1625
0 0.02578125 0.37890625 0.0515625 0.09609375
0 0.090625 0.3375 0.08203125 0.11171875
0 0.0734375 0.1953125 0.146875 0.115625
0 0.01953125 0.10703125 0.0390625 0.0765625
0 0.11171875 0.0625 0.09296875 0.125
0 0.3015625 0.2984375 0.08203125 0.08203125
0 0.2828125 0.5171875 0.13203125 0.12734375
0 0.15625 0.58125 0.1015625 0.12265625
0 0.50625 0.2859375 0.15859375 0.125
0 0.528125 0.053125 0.11796875 0.10546875
0 0.43359375 0.05 0.0828125 0.1