0 0.05234375 0.80625 0.1046875 0.15234375
0 0.79296875 0.14765625 0.11640625 0.115625
0 0.91875 0.0890625 0.09609375 0.09296875
0 0.58359375 0.24765625 0.08515625 0.10546875
0 0.665625 0.16015625 0.1109375 0.11875
0 0.4390625 0.228125 0.11796875 0.13359375
0 0.3109375 0.26015625 0.1125 0.1125
0 0.17109375 0.25234375 0.11328125 0.12421875
0 0.0796875 0.31640625 0.09609375 0.128125
0 0.0484375 0.18046875 0.096875 0.1234375
0 0.26328125 0.12578125 0.10078125 0.1203125
0 0.37734375 0.084375 0.11171875 0.1234375
0 0.44140625 0.02734375 0.0921875 0.0546875
0 0.6171875 0.0421875 0.1078125 0.084375
0 0.721875 0.040625 0.0984375 0.08046875
0 0.05859375 0.02109375 0.0734375 0.0421875
0 0.025 0.46328125 0.04921875 0.109375
0 0.16015625 0.4578125 0.1359375 0.10234375
0 0.23671875 0.365625 0.14296875 0.109375
0 0.39921875 0.39140625 0.11015625 0.12109375
0 0.503125 0.3546875 0.08515625 0.0875
0 0.6640625 0.3796875 0.109375 0.115625
0 0.73125 0.27421875 0.09609375 0.10546875
0 0.76796875 0.396875 0.084375 0.11015625
0 0.9203125 0.41328125 0.13359375 0.16015625
0 0.88203125 0.58671875 0.0984375 0.109375
0 0.96953125 0.528125 0.0609375 0.103125
0 0.984375 0.3046875 0.03046875 0.07734375
0 0.9640625 0.20078125 0.071875 0.1171875
0 0.85625 0.2578125 0.1078125 0.13125
0 0.0890625 0.615625 0.11015625 0.1234375
0 0.16796875 0.753125 0.1203125 0.1265625
0 0.209375 0.89140625 0.10078125 0.125
0 0.0984375 0.93828125 0.103125 0.1234375
0 0.3453125 0.8953125 0.1046875 0.1203125
0 0.25234375 0.9765625 0.09375 0.04609375
0 0.57421875 0.7859375 0.12109375 0.12109375
0 0.453125 0.81328125 0.10625 0.13046875
0 0.64140625 0.93671875 0.11640625 0.1265625
0 0.7359375 0.8109375 0.1265625 0.125
0 0.39296875 0.9765625 0.08046875 0.04609375
0 0.76015625 0.940625 0.1203125 0.11875
0 0.609375 0.6375 0.11953125 0.1265625
0 0.77109375 0.64375 0.12109375 0.13046875
0 0.31484375 0.7359375 0.11953125 0.11796875
0 0.4234375 0.68046875 0.0734375 0.1109375
0 0.5046875 0.65703125 0.0671875 0.10390625
0 0.9421875 0.77109375 0.0890625 0.1125
0 0.8375 0.771875 0.09453125 0.12421875
0 0.3078125 0.53359375 0.11875 0.16484375
0 0.45234375 0.52890625 0.13671875 0.1421875
0 0.22421875 0.58203125 0.1 0.13203125
0 0.88515625 0.925 0.1046875 0.15