0 0.04765625 0.975 0.0953125 0.05
0 0.096875 0.88359375 0.134375 0.1234375
0 0.0140625 0.8296875 0.02734375 0.0703125
0 0.19375 0.76484375 0.07421875 0.115625
0 0.275 0.64140625 0.11328125 0.11875
0 0.38984375 0.59765625 0.1265625 0.11328125
0 0.503125 0.41796875 0.0875 0.10546875
0 0.3609375 0.475 0.13671875 0.11328125
0 0.24609375 0.5109375 0.09765625 0.0921875
0 0.1328125 0.54375 0.1171875 0.0796875
0 0.028125 0.5953125 0.05625 0.12109375
0 0.0109375 0.48046875 0.021875 0.07421875
0 0.0890625 0.41875 0.103125 0.1109375
0 0.19921875 0.3890625 0.109375 0.12109375
0 0.31328125 0.353125 0.0921875 0.06640625
0 0.421875 0.2953125 0.078125 0.07421875
0 0.5453125 0.23515625 0.09765625 0.0875
0 0.6125 0.34765625 0.103125 0.11328125
0 0.665625 0.26875 0.1015625 0.0765625
0 0.72734375 0.3984375 0.084375 0.10546875
0 0.5390625 0.53828125 0.08984375 0.0875
0 0.84296875 0.27265625 0.0875 0.0875
0 0.6921875 0.578125 0.1078125 0.1328125
0 0.66796875 0.48125 0.1015625 0.071875
0 0.88984375 0.12109375 0.084375 0.0859375
0 0.94765625 0.0359375 0.1046875 0.06875
0 0.953125 0.2203125 0.09375 0.0859375
0 0.98046875 0.3765625 0.0390625 0.10546875
0 0.8703125 0.40546875 0.11875 0.1234375
0 0.78046875 0.70625 0.1 0.103125
0 0.8640625 0.66875 0.084375 0.1109375
0 0.95078125 0.625 0.0984375 0.125
0 0.8890625 0.778125 0.0859375 0.1
0 0.9765625 0.7484375 0.046875 0.1015625
0 0.94921875 0.8890625 0.1015625 0.0859375
0 0.96328125 0.9703125 0.0734375 0.059375
0 0.871875 0.9390625 0.0921875 0.12109375
0 0.71484375 0.94921875 0.10546875 0.1015625
0 0.596875 0.9765625 0.053125 0.046875
0 0.4578125 0.96640625 0.1 0.0671875
0 0.31875 0.97421875 0.103125 0.0515625
0 0.190625 0.97421875 0.121875 0.0515625
0 0.2390625 0.8859375 0.11875 0.13125
0 0.375 0.878125 0.15234375 0.134375
0 0.5125 0.85234375 0.103125 0.11875
0 0.62109375 0.80625 0.12109375 0.16015625
0 0.57421875 0.65 0.13671875 0.109375
0 0.475 0.7296875 0.125 0.11875
0 0.35234375 0.74140625 0.1078125 0.1109375
0 0.26171875 0.746875 0.05859375 0.0921875
0 0.0734375 0.7578125 0.0796875 0.1171875
0 0.13203125 0.6921875 0.084375 0.1265625
0 0.8171875 0.54296875 0.1078125 0.1015625
0 0.9171875 0.51953125 0.06875 0.1015625
0 0.98515625 0.4984375 0.0296875 0.1
0 0.6671875 0.18828125 0.0640625 0.0640625
0 0.721875 0.1109375 0.0953125 0.08984375
0 0.5859375 0.02734375 0.1015625 0.0546875
0 0.43359375 0.04375 0.1171875 0.0875
0 0.309375 0.0546875 0.1234375 0.109375
0 0.03984375 0.1125 0.0796875 0.0953125
0 0.046875 0.021875 0.08203125 0.04296875
0 0.1609375 0.11328125 0.146875 0.109375
0 0.0359375 0.2640625 0.071875 0.1328125
0 0.128125 0.24921875 0.1 0.1390625
0 0.23359375 0.23125 0.1109375 0.1
0 0.35 0.159375 0.13671875 0.134375
0 0.77421875 0.83515625 0.05625 0.053125