0 0.06796875 0.59765625 0.10859375 0.12734375
0 0.02890625 0.78515625 0.04375 0.12734375
0 0.109375 0.7234375 0.09765625 0.17421875
0 0.2046875 0.63359375 0.128125 0.17265625
0 0.26796875 0.50078125 0.115625 0.13046875
0 0.43671875 0.53125 0.1140625 0.159375
0 0.3625 0.3859375 0.1265625 0.13671875
0 0.4734375 0.359375 0.115625 0.1421875
0 0.5859375 0.33125 0.12578125 0.16640625
0 0.6546875 0.1484375 0.12109375 0.15703125
0 0.71640625 0.284375 0.13359375 0.16640625
0 0.90078125 0.07421875 0.12578125 0.134375
0 0.6046875 0.0296875 0.07890625 0.059375
0 0.37421875 0.115625 0.11796875 0.1265625
0 0.5140625 0.0609375 0.10703125 0.10703125
0 0.2296875 0.11953125 0.12421875 0.121875
0 0.3109375 0.03125 0.11640625 0.0625
0 0.1421875 0.1984375 0.121875 0.11015625
0 0.20625 0.3390625 0.1078125 0.11875
0 0.03515625 0.40234375 0.0703125 0.1765625
0 0.1203125 0.4515625 0.08359375 0.0859375
0 0.09765625 0.3265625 0.078125 0.11171875
0 0.0390625 0.21015625 0.0734375 0.07578125
0 0.103125 0.06328125 0.134375 0.1125
0 0.94453125 0.51171875 0.1109375 0.11640625
0 0.85234375 0.61171875 0.10078125 0.10234375
0 0.88359375 0.7515625 0.128125 0.15859375
0 0.9484375 0.84921875 0.103125 0.1265625
0 0.92265625 0.95 0.1546875 0.1
0 0.75234375 0.96640625 0.09375 0.06640625
0 0.45625 0.88125 0.13515625 0.13125
0 0.509375 0.96796875 0.115625 0.0640625
0 0.7359375 0.72578125 0.13671875 0.15625
0 0.79375 0.83828125 0.1140625 0.12734375
0 0.31015625 0.9375 0.128125 0.12421875
0 0.14765625 0.97421875 0.09296875 0.05078125
0 0.63359375 0.75625 0.09609375 0.1453125
0 0.95078125 0.21875 0.09765625 0.13359375