0 0.93046875 0.871875 0.1078125 0.1078125
0 0.9734375 0.7515625 0.053125 0.109375
0 0.87890625 0.81953125 0.08203125 0.0765625
0 0.78515625 0.8453125 0.1015625 0.1328125
0 0.70390625 0.7046875 0.0953125 0.1015625
0 0.65546875 0.5734375 0.103125 0.134375
0 0.5453125 0.56171875 0.1015625 0.13125
0 0.59375 0.4703125 0.07421875 0.0859375
0 0.53984375 0.3390625 0.0953125 0.103125
0 0.48046875 0.2140625 0.109375 0.1078125
0 0.41484375 0.05546875 0.1078125 0.1078125
0 0.55546875 0.08203125 0.1109375 0.09375
0 0.6328125 0.2484375 0.10546875 0.10546875
0 0.71171875 0.3671875 0.11875 0.11328125
0 0.7546875 0.48515625 0.115625 0.1421875
0 0.81640625 0.6109375 0.109375 0.12890625
0 0.87109375 0.74140625 0.109375 0.115625
0 0.93671875 0.61640625 0.0921875 0.1078125
0 0.88671875 0.4875 0.10546875 0.11875
0 0.7703125 0.2390625 0.1 0.134375
0 0.80546875 0.10625 0.103125 0.1234375
0 0.89453125 0.2234375 0.11328125 0.1265625
0 0.94453125 0.353125 0.0953125 0.109375
0 0.9828125 0.48203125 0.034375 0.1015625
0 0.95390625 0.12578125 0.0921875 0.0953125
0 0.9296875 0.03046875 0.05859375 0.0609375
0 0.159375 0.05 0.084375 0.0765625
0 0.18828125 0.15 0.0875 0.08984375
0 0.346875 0.1796875 0.1234375 0.12109375
0 0.26171875 0.2640625 0.09375 0.1015625
0 0.315625 0.378125 0.103125 0.11875
0 0.378125 0.4875 0.11875 0.1234375
0 0.478125 0.4265625 0.09765625 0.1109375
0 0.590625 0.690625 0.1109375 0.115625
0 0.6546875 0.834375 0.11328125 0.13671875
0 0.6046875 0.97109375 0.075 0.0578125
0 0.7203125 0.9703125 0.10546875 0.05859375
0 0.4328125 0.9671875 0.109375 0.065625
0 0.32890625 0.95078125 0.0796875 0.0984375
0 0.2140625 0.953125 0.11875 0.09375
0 0.04375 0.94765625 0.0875 0.1046875
0 0.0265625 0.7875 0.053125 0.11328125
0 0.059375 0.40625 0.11875 0.1875
0 0.0421875 0.590625 0.084375 0.1109375
0 0.23359375 0.53828125 0.1265625 0.115625
0 0.09765625 0.7171875 0.140625 0.1328125
0 0.21796875 0.68828125 0.115625 0.1390625
0 0.315625 0.67578125 0.1 0.125
0 0.48359375 0.7671875 0.0921875 0.109375
0 0.428125 0.625 0.09765625 0.12890625
0 0.53984375 0.9046875 0.1234375 0.13671875
0 0.2578125 0.83203125 0.11328125 0.1328125
0 0.1296875 0.840625 0.115625 0.134375
0 0.1953125 0.4140625 0.13671875 0.1328125
0 0.15546875 0.26484375 0.103125 0.1109375
0 0.0359375 0.23046875 0.071875 0.12890625
0 0.053125 0.1078125 0.10546875 0.09765625