0 0.05078125 0.3140625 0.1015625 0.140625
0 0.14140625 0.22734375 0.0921875 0.1421875
0 0.26171875 0.1875 0.08984375 0.109375
0 0.37890625 0.1703125 0.11328125 0.12890625
0 0.09296875 0.10234375 0.0875 0.1078125
0 0.171875 0.0625 0.0859375 0.125
0 0.29296875 0.05546875 0.1171875 0.1109375
0 0.415625 0.04375 0.12109375 0.0875
0 0.03203125 0.49140625 0.0640625 0.134375
0 0.203125 0.3609375 0.09375 0.125
0 0.109375 0.4390625 0.07421875 0.078125
0 0.32734375 0.30859375 0.103125 0.12890625
0 0.45390625 0.2875 0.0875 0.12109375
0 0.0765625 0.62890625 0.09765625 0.12890625
0 0.1703125 0.5828125 0.12109375 0.134375
0 0.2609375 0.4875 0.1 0.11875
0 0.3578125 0.44375 0.09375 0.125
0 0.5 0.4359375 0.12109375 0.12890625
0 0.728125 0.4109375 0.0390625 0.0609375
0 0.98125 0.37890625 0.0375 0.1109375
0 0.0578125 0.87421875 0.09921875 0.0921875
0 0.12578125 0.77265625 0.0875 0.1
0 0.31875 0.609375 0.10546875 0.12109375
0 0.4421875 0.5875 0.0765625 0.10546875
0 0.5484375 0.58984375 0.0859375 0.12109375
0 0.3859375 0.7421875 0.084375 0.12109375
0 0.3046875 0.83125 0.125 0.1109375
0 0.20390625 0.90234375 0.11875 0.1328125
0 0.36171875 0.9421875 0.1234375 0.115625
0 0.4375 0.871875 0.08203125 0.0875
0 0.55 0.8609375 0.0796875 0.08984375
0 0.65546875 0.8890625 0.0765625 0.08984375
0 0.71171875 0.95703125 0.084375 0.0859375
0 0.8609375 0.9703125 0.0546875 0.05859375
0 0.78828125 0.85078125 0.0875 0.084375
0 0.6203125 0.7046875 0.1 0.1015625
0 0.69375 0.5953125 0.1015625 0.10546875
0 0.8546875 0.6640625 0.11875 0.10546875
0 0.7359375 0.74609375 0.08984375 0.125
0 0.90234375 0.796875 0.12890625 0.10546875
0 0.8703125 0.18046875 0.0609375 0.071875