0 0.04296875 0.65546875 0.0859375 0.1078125
0 0.05546875 0.79296875 0.0796875 0.1171875
0 0.1453125 0.609375 0.0765625 0.109375
0 0.2171875 0.56171875 0.10546875 0.1390625
0 0.3390625 0.5171875 0.1 0.11328125
0 0.44921875 0.4703125 0.1171875 0.1328125
0 0.596875 0.43046875 0.115625 0.1078125
0 0.7125 0.37890625 0.09375 0.109375
0 0.83515625 0.3296875 0.1 0.125
0 0.95390625 0.35234375 0.0921875 0.1015625
0 0.89375 0.2109375 0.0953125 0.08984375
0 0.98046875 0.171875 0.0390625 0.1015625
0 0.95390625 0.0703125 0.0921875 0.1
0 0.85625 0.078125 0.1 0.08203125
0 0.75078125 0.16875 0.13125 0.1109375
0 0.9234375 0.47109375 0.11015625 0.128125
0 0.7890625 0.51953125 0.0984375 0.1109375
0 0.659375 0.5484375 0.11640625 0.128125
0 0.53125 0.62578125 0.125 0.14296875
0 0.38671875 0.64296875 0.1140625 0.10859375
0 0.296875 0.65546875 0.071875 0.0890625
0 0.1875 0.72109375 0.11796875 0.11875
0 0.046875 0.95390625 0.09375 0.0921875
0 0.159375 0.94765625 0.1125 0.1046875
0 0.2625 0.846875 0.115625 0.10234375
0 0.34609375 0.7953125 0.0875 0.13203125
0 0.4625 0.78125 0.1328125 0.13515625
0 0.59921875 0.7609375 0.1078125 0.09453125
0 0.72421875 0.671875 0.125 0.10390625
0 0.84296875 0.63203125 0.0953125 0.103125
0 0.953125 0.61796875 0.09375 0.13125
0 0.675 0.9140625 0.11328125 0.10546875
0 0.79140625 0.83125 0.11328125 0.12421875
0 0.91484375 0.775 0.11328125 0.13203125
0 0.53515625 0.89765625 0.1484375 0.13125
0 0.42578125 0.91875 0.09453125 0.11875
0 0.309375 0.96015625 0.125 0.0796875
0 0.834375 0.946875 0.11640625 0.10546875
0 0.94296875 0.909375 0.1140625 0.1125
0 0.959375 0.98203125 0.07109375 0.0359375
0 0.08203125 0.48203125 0.1015625 0.11640625
0 0.165625 0.41640625 0.0875 0.103125
0 0.303125 0.36328125 0.109375 0.1015625
0 0.43828125 0.33046875 0.09453125 0.08671875
0 0.54609375 0.29453125 0.0953125 0.10546875
0 0.65390625 0.25234375 0.08203125 0.090625
0 0.7 0.04375 0.15234375 0.0875
0 0.57421875 0.1234375 0.1203125 0.1390625
0 0.553125 0.021875 0.10625 0.04296875
0 0.4640625 0.19609375 0.11171875 0.13359375
0 0.34453125 0.20546875 0.1296875 0.1359375
0 0.22734375 0.25078125 0.12421875 0.11875
0 0.1140625 0.2921875 0.1375 0.14921875
0 0.0375 0.34765625 0.07421875 0.1140625
0 0.03671875 0.16171875 0.0734375 0.12109375
0 0.11015625 0.1453125 0.090625 0.1125
0 0.18203125 0.128125 0.06796875 0.10546875
0 0.27265625 0.0953125 0.10390625 0.1234375
0 0.36328125 0.0875 0.08046875 0.10078125
0 0.41484375 0.0484375 0.1109375 0.096875
0 0.0296875 0.03984375 0.05859375 0.07890625
0 0.090625 0.0296875 0.065625 0.059375
0 0.5921875 0.9796875 0.08125 0.040625