0 0.1015625 0.45703125 0.0984375 0.096875
0 0.2 0.54296875 0.09609375 0.1171875
0 0.325 0.4765625 0.0765625 0.1125
0 0.225 0.371875 0.12109375 0.1109375
0 0.13671875 0.309375 0.134375 0.14453125
0 0.3328125 0.30078125 0.12890625 0.13984375
0 0.4296875 0.38125 0.0984375 0.12421875
0 0.5578125 0.32890625 0.15859375 0.16171875
0 0.72734375 0.29375 0.05390625 0.0734375
0 0.475 0.21015625 0.13515625 0.12890625
0 0.3640625 0.12109375 0.1203125 0.1234375
0 0.47265625 0.059375 0.1046875 0.115625
0 0.24296875 0.040625 0.1203125 0.08125
0 0.128125 0.09296875 0.08359375 0.08359375
0 0.12734375 0.02265625 0.0984375 0.0453125
0 0.040625 0.0453125 0.078125 0.090625
0 0.5828125 0.0578125 0.06171875 0.06796875
0 0.84453125 0.165625 0.1 0.09453125