0 0.965625 0.3234375 0.06875 0.121875
0 0.925 0.24453125 0.0953125 0.0890625
0 0.875 0.16015625 0.1140625 0.11640625
0 0.8171875 0.09375 0.08359375 0.1
0 0.7953125 0.01953125 0.09140625 0.0390625
0 0.98203125 0.1671875 0.0359375 0.10546875
0 0.98046875 0.10078125 0.03828125 0.05390625
0 0.93828125 0.06953125 0.07578125 0.06953125
0 0.88125 0.0484375 0.071875 0.096875
0 0.565625 0.04609375 0.078125 0.075
0 0.6015625 0.13359375 0.075 0.06953125
0 0.790625 0.46171875 0.07265625 0.08046875
0 0.64765625 0.24453125 0.03984375 0.03984375
0 0.53515625 0.23359375 0.05703125 0.06171875
0 0.43671875 0.06015625 0.0734375 0.0640625
0 0.5625 0.34921875 0.09140625 0.0859375
0 0.6421875 0.3296875 0.04609375 0.05
0 0.73359375 0.36953125 0.07265625 0.08046875
0 0.61796875 0.4328125 0.07734375 0.06171875
0 0.6734375 0.50703125 0.0796875 0.0828125
0 0.7125 0.590625 0.084375 0.09296875
0 0.75859375 0.67890625 0.07265625 0.071875
0 0.8203125 0.74921875 0.0875 0.0734375
0 0.8703125 0.8375 0.0703125 0.06484375
0 0.95078125 0.92890625 0.06484375 0.059375
0 0.98671875 0.79921875 0.02578125 0.0515625
0 0.9703125 0.72890625 0.0546875 0.05
0 0.9078125 0.6328125 0.07265625 0.05859375
0 0.84296875 0.60703125 0.0609375 0.0640625
0 0.8359375 0.55 0.0734375 0.0609375
0 0.796875 0.928125 0.0921875 0.0671875
0 0.684375 0.7671875 0.0828125 0.08359375
0 0.6453125 0.7015625 0.071875 0.0546875
0 0.62265625 0.63515625 0.05625 0.04296875
0 0.55 0.53515625 0.0859375 0.0765625
0 0.4859375 0.44921875 0.08125 0.07421875
0 0.43984375 0.353125 0.09609375 0.09609375
0 0.41640625 0.27109375 0.0578125 0.05078125
0 0.36796875 0.22578125 0.071875 0.06640625
0 0.3546875 0.159375 0.07890625 0.06875
0 0.30234375 0.071875 0.0765625 0.08671875
0 0.26484375 0.01640625 0.0546875 0.0328125
0 0.521875 0.90625 0.0984375 0.0859375
0 0.3296875 0.67421875 0.075 0.08515625
0 0.265625 0.7515625 0.0859375 0.06953125
0 0.1921875 0.58515625 0.08984375 0.075
0 0.121875 0.5046875 0.06484375 0.06640625
0 0.24453125 0.51015625 0.071875 0.0625
0 0.4296875 0.55625 0.0765625 0.06953125
0 0.5078125 0.68125 0.059375 0.06484375
0 0.353125 0.48515625 0.0921875 0.084375
0 0.31640625 0.3796875 0.090625 0.0890625
0 0.20078125 0.41640625 0.109375 0.0890625
0 0.1265625 0.25078125 0.090625 0.0875
0 0.23671875 0.340625 0.05390625 0.05
0 0.09453125 0.16640625 0.08359375 0.096875
0 0.0265625 0.03984375 0.05234375 0.0765625
0 0.1234375 0.053125 0.0859375 0.0984375
0 0.16171875 0.0265625 0.065625 0.053125
0 0.23125 0.1515625 0.0875 0.084375
0 0.24375 0.23828125 0.1078125 0.084375
0 0.0203125 0.20703125 0.040625 0.05078125
0 0.0875 0.60078125 0.07265625 0.0765625
0 0.01171875 0.63203125 0.0234375 0.0703125
0 0.18125 0.71015625 0.090625 0.07734375
0 0.0984375 0.703125 0.07578125 0.07109375
0 0.153125 0.7875 0.10390625 0.09375
0 0.0703125 0.8171875 0.0875 0.06953125
0 0.03359375 0.9078125 0.0671875 0.08125
0 0.0765625 0.978125 0.07734375 0.04375
0 0.2046875 0.97890625 0.06875 0.04140625
0 0.31171875 0.95703125 0.06484375 0.04609375
0 0.41640625 0.85703125 0.05859375 0.06015625
0 0.53046875 0.73125 0.0515625 0.0515625
0 0.01796875 0.52734375 0.03515625 0.08203125
0 0.03671875 0.33046875 0.06484375 0.0796875