0 0.1609375 0.4640625 0.11328125 0.15859375
0 0.02890625 0.56875 0.05546875 0.121875
0 0.0828125 0.54921875 0.078125 0.11875
0 0.271875 0.38828125 0.0875 0.12109375
0 0.33203125 0.2859375 0.0515625 0.0890625
0 0.39296875 0.26171875 0.05859375 0.10390625
0 0.45546875 0.23203125 0.05703125 0.12109375
0 0.56328125 0.12421875 0.115625 0.15859375
0 0.6890625 0.04765625 0.10234375 0.0953125
0 0.540625 0.03203125 0.09375 0.0640625
0 0.44140625 0.0984375 0.09609375 0.13671875
0 0.34296875 0.18515625 0.0984375 0.1125
0 0.21796875 0.2984375 0.059375 0.09140625
0 0.04296875 0.30390625 0.0859375 0.0828125
0 0.05625 0.13359375 0.1125 0.1671875
0 0.23984375 0.12734375 0.0765625 0.125
0 0.15859375 0.2359375 0.06796875 0.05234375
0 0.36328125 0.0859375 0.07109375 0.09765625
0 0.3515625 0.0171875 0.0875 0.034375
0 0.14140625 0.1 0.0609375 0.0828125
0 0.1671875 0.0359375 0.090625 0.071875
0 0.759375 0.115625 0.11640625 0.1046875
0 0.76875 0.03125 0.05 0.0625
0 0.8234375 0.03203125 0.046875 0.0640625
0 0.86484375 0.046875 0.0578125 0.09375
0 0.6375 0.23046875 0.10859375 0.13515625
0 0.5234375 0.3109375 0.11328125 0.13671875
0 0.43125 0.390625 0.09921875 0.1421875
0 0.159375 0.61015625 0.10625 0.1359375
0 0.02265625 0.90234375 0.0453125 0.1171875
0 0.0953125 0.79921875 0.103125 0.13671875
0 0.184375 0.740625 0.08828125 0.115625
0 0.2671875 0.63515625 0.103125 0.14296875
0 0.36015625 0.60390625 0.0875 0.115625
0 0.49296875 0.4640625 0.125 0.15859375
0 0.6109375 0.36796875 0.10546875 0.140625
0 0.725 0.29375 0.1265625 0.17265625
0 0.83046875 0.18203125 0.11015625 0.14609375
0 0.9375 0.10546875 0.11640625 0.1515625
0 0.9375 0.29375 0.125 0.14375
0 0.95078125 0.3703125 0.0984375 0.11875
0 0.83125 0.3765625 0.09453125 0.109375
0 0.7296875 0.45859375 0.10234375 0.1046875
0 0.62109375 0.52421875 0.1265625 0.13984375
0 0.5328125 0.61953125 0.11640625 0.1140625
0 0.42265625 0.70625 0.1046875 0.1171875
0 0.32578125 0.79296875 0.11796875 0.13515625
0 0.128125 0.96328125 0.11171875 0.07265625
0 0.446875 0.8328125 0.09609375 0.1234375
0 0.56328125 0.7390625 0.1078125 0.1234375
0 0.66484375 0.665625 0.1 0.13828125
0 0.78046875 0.57578125 0.12421875 0.171875
0 0.84765625 0.465625 0.04296875 0.1015625
0 0.90703125 0.4484375 0.0703125 0.10078125
0 0.90625 0.53125 0.090625 0.10234375
0 0.95625 0.86953125 0.0875 0.0984375
0 0.96796875 0.96484375 0.0640625 0.06953125
0 0.8609375 0.94453125 0.1375 0.1109375
0 0.73359375 0.98046875 0.084375 0.03828125
0 0.70078125 0.91328125 0.11796875 0.11953125
0 0.77734375 0.815625 0.0953125 0.12265625
0 0.73515625 0.740625 0.0953125 0.0953125
0 0.63828125 0.80546875 0.12890625 0.1203125
0 0.6125 0.965625 0.103125 0.06875
0 0.4265625 0.96640625 0.10859375 0.0671875
0 0.884375 0.7703125 0.0734375 0.0859375