0 0.1671875 0.44375 0.1265625 0.1203125
0 0.04375 0.54453125 0.0875 0.0890625
0 0.28984375 0.365625 0.11953125 0.13203125
0 0.390625 0.2609375 0.10859375 0.13046875
0 0.50546875 0.17734375 0.15 0.11328125
0 0.5890625 0.07265625 0.12109375 0.1
0 0.69140625 0.02578125 0.1078125 0.0515625
0 0.753125 0.05078125 0.125 0.1015625
0 0.8609375 0.0234375 0.0875 0.046875
0 0.934375 0.0859375 0.13125 0.09375
0 0.8390625 0.1734375 0.1609375 0.13984375
0 0.92890625 0.2625 0.1421875 0.12109375
0 0.96328125 0.35703125 0.07265625 0.08125
0 0.4484375 0.05390625 0.10703125 0.10546875
0 0.54140625 0.0171875 0.0828125 0.034375
0 0.33203125 0.0296875 0.0796875 0.059375
0 0.20390625 0.0578125 0.14921875 0.11484375
0 0.05234375 0.05390625 0.10390625 0.1078125
0 0.07734375 0.190625 0.14609375 0.1328125
0 0.0828125 0.3265625 0.165625 0.14375
0 0.02890625 0.43828125 0.0578125 0.11796875
0 0.21875 0.26328125 0.14765625 0.14375
0 0.196875 0.134375 0.09140625 0.08515625
0 0.3265625 0.1609375 0.1453125 0.10390625
0 0.56171875 0.284375 0.1640625 0.1015625
0 0.659375 0.1765625 0.12890625 0.10703125
0 0.42421875 0.37421875 0.13046875 0.10390625
0 0.59765625 0.3828125 0.15625 0.08984375
0 0.7109375 0.29453125 0.1328125 0.10625
0 0.8 0.3828125 0.15703125 0.09296875
0 0.91640625 0.44296875 0.16640625 0.1
0 0.93828125 0.57421875 0.1234375 0.1203125
0 0.8140625 0.53671875 0.15390625 0.1046875
0 0.72109375 0.4703125 0.14765625 0.07109375
0 0.4828125 0.51484375 0.165625 0.1125
0 0.6421875 0.57421875 0.17109375 0.1515625
0 0.709375 0.65078125 0.10078125 0.09296875
0 0.8484375 0.6796875 0.19453125 0.12109375
0 0.92734375 0.76796875 0.1453125 0.1140625
0 0.7265625 0.9203125 0.17265625 0.11953125
0 0.803125 0.8734375 0.140625 0.07109375
0 0.721875 0.77109375 0.14921875 0.11640625
0 0.5703125 0.74453125 0.1546875 0.12578125
0 0.48125 0.66015625 0.12265625 0.11015625
0 0.57890625 0.8703125 0.115625 0.09375
0 0.3390625 0.9125 0.16171875 0.1203125
0 0.21953125 0.8578125 0.09609375 0.11640625
0 0.04609375 0.92734375 0.09140625 0.1453125
0 0.03671875 0.728125 0.0734375 0.11875
0 0.12578125 0.8140625 0.10625 0.11796875
0 0.103125 0.653125 0.1125 0.128125
0 0.22421875 0.715625 0.14765625 0.10859375
0 0.3078125 0.7859375 0.06796875 0.11015625
0 0.31796875 0.62109375 0.13046875 0.13203125
0 0.21171875 0.5671875 0.12890625 0.1359375