0 0.96875 0.01953125 0.04609375 0.0390625
0 0.87578125 0.05625 0.121875 0.10390625
0 0.8265625 0.23828125 0.1390625 0.13046875
0 0.8 0.1515625 0.10703125 0.1046875
0 0.6828125 0.2546875 0.121875 0.11796875
0 0.56875 0.32890625 0.1265625 0.11875
0 0.44375 0.4203125 0.115625 0.096875
0 0.334375 0.51328125 0.1265625 0.1015625
0 0.11484375 0.6796875 0.1390625 0.10703125
0 0.071875 0.56015625 0.14296875 0.1609375
0 0.196875 0.490625 0.0875 0.06953125
0 0.33125 0.38828125 0.10703125 0.11015625
0 0.45078125 0.2859375 0.1015625 0.1171875
0 0.54609375 0.196875 0.11015625 0.13515625
0 0.6578125 0.1171875 0.1 0.12109375
0 0.72578125 0.04609375 0.128125 0.0921875
0 0.6015625 0.03125 0.0921875 0.06171875
0 0.490625 0.0890625 0.09296875 0.0796875
0 0.39453125 0.171875 0.096875 0.1109375
0 0.29765625 0.26953125 0.09609375 0.125
0 0.1875 0.36015625 0.1 0.09609375
0 0.07578125 0.4203125 0.14609375 0.1078125
0 0.021875 0.34375 0.0359375 0.075
0 0.11328125 0.265625 0.11953125 0.1171875
0 0.0296875 0.20703125 0.059375 0.1265625
0 0.1171875 0.11875 0.0875 0.13046875
0 0.03046875 0.05390625 0.0609375 0.1078125
0 0.30390625 0.09609375 0.10078125 0.1015625
0 0.4171875 0.03203125 0.115625 0.0640625
0 0.2265625 0.0421875 0.12109375 0.07109375
0 0.1203125 0.02578125 0.07421875 0.046875
0 0.11640625 0.840625 0.103125 0.090625
0 0.2125 0.77578125 0.10234375 0.0953125
0 0.3078125 0.68515625 0.128125 0.1203125
0 0.4125 0.603125 0.11875 0.10390625
0 0.515625 0.52578125 0.11875 0.134375
0 0.61796875 0.4265625 0.10546875 0.115625
0 0.73359375 0.3390625 0.06953125 0.0734375
0 0.94140625 0.1671875 0.1046875 0.12734375
0 0.95 0.29609375 0.09921875 0.12421875
0 0.96640625 0.43515625 0.0671875 0.1046875
0 0.90390625 0.521875 0.0921875 0.1015625
0 0.7734375 0.6234375 0.11484375 0.08359375
0 0.64375 0.603125 0.11484375 0.128125
0 0.4828125 0.69296875 0.134375 0.13671875
0 0.38046875 0.79140625 0.11875 0.103125
0 0.346875 0.94140625 0.12265625 0.11640625
0 0.2421875 0.97890625 0.06484375 0.04140625
0 0.46484375 0.86171875 0.103125 0.1296875
0 0.58046875 0.79609375 0.11328125 0.121875
0 0.83359375 0.72265625 0.075 0.08828125
0 0.93125 0.6328125 0.1 0.10078125
0 0.953125 0.7734375 0.09375 0.1625
0 0.9640625 0.94375 0.071875 0.1125
0 0.846875 0.85390625 0.134375 0.1453125
0 0.13671875 0.96640625 0.0953125 0.0671875
0 0.01484375 0.78515625 0.0296875 0.084375