0 0.0875 0.303125 0.0984375 0.11796875
0 0.1796875 0.1828125 0.1125 0.13046875
0 0.2859375 0.07578125 0.1125 0.12421875
0 0.42265625 0.09609375 0.0953125 0.0984375
0 0.390625 0.02734375 0.07421875 0.0515625
0 0.10546875 0.12265625 0.07890625 0.084375
0 0.18984375 0.05078125 0.1078125 0.1015625
0 0.04296875 0.03203125 0.07578125 0.0625
0 0.5296875 0.03671875 0.075 0.0734375
0 0.3234375 0.1859375 0.1109375 0.1109375
0 0.225 0.2859375 0.13203125 0.1265625
0 0.12578125 0.3921875 0.078125 0.07421875
0 0.03203125 0.4859375 0.06328125 0.10625
0 0.07265625 0.55859375 0.109375 0.10703125
0 0.1796875 0.46640625 0.1296875 0.11796875
0 0.29609375 0.36953125 0.10234375 0.10546875
0 0.403125 0.28203125 0.0875 0.0890625
0 0.50859375 0.19375 0.103125 0.115625
0 0.61875 0.0828125 0.09609375 0.12890625
0 0.72890625 0.01484375 0.078125 0.0296875
0 0.85703125 0.03203125 0.1046875 0.0640625
0 0.778125 0.090625 0.115625 0.11953125
0 0.66484375 0.18046875 0.103125 0.14296875
0 0.578125 0.2703125 0.1109375 0.134375
0 0.44765625 0.3546875 0.12265625 0.10390625
0 0.3578125 0.440625 0.1109375 0.134375
0 0.2640625 0.52890625 0.1203125 0.1171875
0 0.11796875 0.66015625 0.11796875 0.128125
0 0.0359375 0.7484375 0.071875 0.0890625
0 0.0890625 0.8609375 0.0984375 0.1171875
0 0.18203125 0.75546875 0.12109375 0.1109375
0 0.30703125 0.65546875 0.08046875 0.0984375
0 0.40390625 0.5765625 0.08203125 0.1078125
0 0.4953125 0.4671875 0.09453125 0.10234375
0 0.5984375 0.390625 0.1296875 0.1421875
0 0.71484375 0.30625 0.11484375 0.14375
0 0.875 0.29140625 0.1203125 0.1375
0 0.8984375 0.13515625 0.1125 0.1203125
0 0.98203125 0.03828125 0.0359375 0.06875
0 0.97109375 0.20546875 0.05703125 0.10703125
0 0.9625 0.36875 0.075 0.128125
0 0.78515625 0.40546875 0.1046875 0.1078125
0 0.6796875 0.4828125 0.0890625 0.12421875
0 0.5640625 0.571875 0.1390625 0.14453125
0 0.4390625 0.65859375 0.10859375 0.11953125
0 0.3328125 0.75 0.10078125 0.11484375
0 0.22578125 0.86328125 0.10234375 0.1015625
0 0.1375 0.959375 0.08125 0.08125
0 0.04609375 0.97734375 0.0671875 0.0453125
0 0.3046875 0.93515625 0.08203125 0.10078125
0 0.53671875 0.73984375 0.115625 0.1109375
0 0.65390625 0.65546875 0.08359375 0.115625
0 0.765625 0.5609375 0.10859375 0.134375
0 0.91875 0.671875 0.1140625 0.10859375
0 0.7515625 0.7078125 0.09140625 0.10078125
0 0.825 0.79375 0.121875 0.13359375
0 0.72265625 0.89765625 0.09140625 0.1171875
0 0.65234375 0.790625 0.13203125 0.140625
0 0.58828125 0.96484375 0.13203125 0.06953125
0 0.8609375 0.93984375 0.1203125 0.11953125