0 0.64453125 0.57578125 0.13359375 0.1296875
0 0.51484375 0.56796875 0.1125 0.1203125
0 0.478125 0.50546875 0.1265625 0.096875
0 0.490625 0.3953125 0.10703125 0.11484375
0 0.36796875 0.4484375 0.09140625 0.128125
0 0.240625 0.30234375 0.11484375 0.11640625
0 0.1671875 0.2171875 0.0765625 0.071875
0 0.11640625 0.1359375 0.1171875 0.125
0 0.2765625 0.12265625 0.1484375 0.1234375
0 0.203125 0.0390625 0.1109375 0.078125
0 0.03046875 0.03984375 0.05859375 0.0796875
0 0.484375 0.06875 0.10625 0.10078125
0 0.6078125 0.11484375 0.1109375 0.096875
0 0.6390625 0.234375 0.10234375 0.109375
0 0.8359375 0.421875 0.10390625 0.128125
0 0.8296875 0.54609375 0.07265625 0.08203125
0 0.915625 0.28671875 0.08203125 0.1046875
0 0.76796875 0.14140625 0.125 0.146875
0 0.73046875 0.03515625 0.0921875 0.0703125
0 0.59453125 0.02890625 0.1171875 0.0578125