0 0.05625 0.48125 0.1125 0.084375
0 0.178125 0.5203125 0.08984375 0.06953125
0 0.2734375 0.46484375 0.084375 0.078125
0 0.36328125 0.453125 0.07890625 0.065625
0 0.5921875 0.44140625 0.103125 0.096875
0 0.7125 0.4046875 0.09140625 0.07109375
0 0.8265625 0.40546875 0.071875 0.07578125
0 0.975 0.34375 0.05 0.05078125
0 0.9671875 0.42109375 0.065625 0.0515625
0 0.71640625 0.5125 0.0859375 0.071875
0 0.29453125 0.603125 0.0796875 0.059375
0 0.065625 0.57578125 0.10625 0.07890625
0 0.0140625 0.67734375 0.028125 0.0640625
0 0.07421875 0.80859375 0.1484375 0.0984375
0 0.0921875 0.75703125 0.11015625 0.0703125
0 0.215625 0.6921875 0.0875 0.07421875
0 0.3453125 0.703125 0.096875 0.06796875
0 0.23671875 0.81875 0.10390625 0.084375
0 0.3390625 0.78671875 0.08046875 0.06796875
0 0.43671875 0.77109375 0.10546875 0.09453125
0 0.47265625 0.6671875 0.0890625 0.075
0 0.58359375 0.721875 0.0625 0.05078125
0 0.61484375 0.665625 0.0515625 0.0375
0 0.715625 0.7046875 0.075 0.06484375
0 0.05 0.9171875 0.0796875 0.065625
0 0.1453125 0.92890625 0.09296875 0.06953125
0 0.05625 0.98984375 0.059375 0.0203125
0 0.29296875 0.978125 0.0890625 0.04375
0 0.2953125 0.89375 0.07890625 0.04609375
0 0.38828125 0.8796875 0.08984375 0.08515625
0 0.3921875 0.97421875 0.0625 0.0515625
0 0.51015625 0.978125 0.06875 0.04375
0 0.5390625 0.875 0.065625 0.0546875
0 0.62421875 0.90859375 0.09296875 0.06953125
0 0.65625 0.9734375 0.0625 0.053125
0 0.75546875 0.77734375 0.08359375 0.0734375
0 0.63203125 0.8046875 0.0984375 0.0765625
0 0.8734375 0.7375 0.0578125 0.05703125
0 0.9234375 0.6359375 0.0515625 0.0640625
0 0.70078125 0.59921875 0.09609375 0.0734375
0 0.07578125 0.0859375 0.14765625 0.09375
0 0.2765625 0.03828125 0.090625 0.0703125
0 0.39609375 0.04609375 0.07578125 0.06171875
0 0.4109375 0.09375 0.084375 0.05625
0 0.4859375 0.040625 0.0828125 0.08046875
0 0.59765625 0.01484375 0.1015625 0.02890625
0 0.67578125 0.08046875 0.07890625 0.06953125
0 0.7984375 0.0546875 0.06796875 0.0609375
0 0.9203125 0.03984375 0.1 0.0796875
0 0.95859375 0.24375 0.0828125 0.084375
0 0.88359375 0.15234375 0.10078125 0.07578125
0 0.7734375 0.171875 0.09921875 0.07109375
0 0.60234375 0.2046875 0.0765625 0.053125
0 0.53359375 0.12265625 0.1015625 0.065625
0 0.4890625 0.2296875 0.10078125 0.07265625
0 0.35703125 0.228125 0.06796875 0.0546875
0 0.31015625 0.15234375 0.0875 0.065625
0 0.21171875 0.1484375 0.0984375 0.071875
0 0.0203125 0.225 0.040625 0.06875
0 0.1015625 0.228125 0.096875 0.06953125
0 0.21953125 0.25546875 0.1046875 0.07109375
0 0.05625 0.33046875 0.08203125 0.0484375
0 0.16953125 0.34140625 0.08984375 0.0625
0 0.27890625 0.353125 0.0875 0.0546875
0 0.41015625 0.346875 0.07890625 0.0671875
0 0.62265625 0.3140625 0.078125 0.07578125
0 0.725 0.31328125 0.09765625 0.0828125
0 0.8390625 0.26953125 0.07734375 0.06875