0 0.215625 0.303125 0.1109375 0.13203125
0 0.3109375 0.35390625 0.09140625 0.14765625
0 0.43359375 0.39453125 0.08359375 0.12734375
0 0.0859375 0.271875 0.10703125 0.14765625
0 0.5890625 0.41171875 0.09296875 0.11328125
0 0.496875 0.50390625 0.08203125 0.1359375
0 0.62265625 0.5078125 0.1 0.11640625
0 0.72578125 0.56171875 0.128125 0.1265625
0 0.809375 0.615625 0.09609375 0.13515625
0 0.9234375 0.53984375 0.10234375 0.1421875
0 0.8609375 0.471875 0.0953125 0.1109375
0 0.965625 0.4015625 0.06875 0.13125
0 0.953125 0.66796875 0.07734375 0.115625
0 0.9546875 0.803125 0.090625 0.121875
0 0.95625 0.915625 0.0875 0.115625
0 0.86953125 0.97734375 0.0859375 0.0453125
0 0.725 0.971875 0.096875 0.05625
0 0.62734375 0.9265625 0.115625 0.1203125
0 0.53203125 0.98359375 0.0609375 0.0328125
0 0.39375 0.9734375 0.109375 0.053125
0 0.2140625 0.9703125 0.1125 0.059375
0 0.09765625 0.9734375 0.0578125 0.053125
0 0.0609375 0.821875 0.121875 0.14921875
0 0.18984375 0.87265625 0.084375 0.10390625
0 0.3078125 0.90859375 0.0859375 0.10390625
0 0.49296875 0.89140625 0.1390625 0.14453125
0 0.609375 0.8109375 0.09140625 0.1140625
0 0.73984375 0.81875 0.1109375 0.1375
0 0.8390625 0.88515625 0.09609375 0.12265625
0 0.85234375 0.75625 0.09765625 0.1125
0 0.70546875 0.721875 0.1109375 0.10078125
0 0.62578125 0.65390625 0.06171875 0.07265625
0 0.5109375 0.734375 0.10703125 0.128125
0 0.3796875 0.7046875 0.103125 0.13125
0 0.2796875 0.690625 0.075 0.0953125
0 0.29375 0.79765625 0.0859375 0.11875
0 0.184375 0.74609375 0.06328125 0.05234375
0 0.1359375 0.646875 0.10703125 0.1296875
0 0.01953125 0.64609375 0.03828125 0.10546875
0 0.03203125 0.5125 0.0640625 0.128125
0 0.23828125 0.57890625 0.1015625 0.0984375
0 0.390625 0.571875 0.10234375 0.1125
0 0.4859375 0.6078125 0.0859375 0.1015625
0 0.2140625 0.434375 0.07890625 0.096875
0 0.1 0.39375 0.09296875 0.1171875
0 0.0234375 0.359375 0.046875 0.13125
0 0.3296875 0.4890625 0.103125 0.10859375
0 0.18671875 0.17265625 0.1078125 0.14765625
0 0.0890625 0.1453125 0.084375 0.11328125
0 0.321875 0.2125 0.1015625 0.12109375
0 0.43828125 0.23984375 0.11328125 0.13359375
0 0.5375 0.34765625 0.09921875 0.1390625
0 0.57578125 0.1625 0.121875 0.1890625
0 0.7859375 0.22265625 0.0578125 0.0875
0 0.71796875 0.1828125 0.07578125 0.10546875
0 0.8890625 0.14609375 0.09609375 0.14765625
0 0.98671875 0.128125 0.02578125 0.06953125
0 0.81640625 0.07421875 0.10234375 0.12890625
0 0.96796875 0.05625 0.0640625 0.10703125
0 0.6578125 0.08515625 0.0828125 0.08046875
0 0.53359375 0.03984375 0.06484375 0.0796875
0 0.42421875 0.11953125 0.11953125 0.12265625
0 0.4015625 0.0359375 0.1109375 0.06953125
0 0.18984375 0.05859375 0.0875 0.0890625
0 0.3046875 0.11484375 0.10703125 0.0859375
0 0.29453125 0.0375 0.08125 0.0703125
0 0.13203125 0.03671875 0.0984375 0.0734375
0 0.0375 0.04375 0.075 0.0875
0 0.60859375 0.02734375 0.0609375 0.0546875
0 0.7125 0.02890625 0.0828125 0.05234375
0 0.97421875 0.21875 0.0515625 0.08828125