0 0.05859375 0.03984375 0.1015625 0.0796875
0 0.134375 0.07265625 0.09609375 0.109375
0 0.1890625 0.1296875 0.13203125 0.115625
0 0.2421875 0.3234375 0.121875 0.14140625
0 0.24921875 0.23203125 0.125 0.11015625
0 0.36640625 0.2515625 0.11796875 0.14296875
0 0.36640625 0.3546875 0.13203125 0.09609375
0 0.3640625 0.46484375 0.16953125 0.14296875
0 0.434375 0.57421875 0.09609375 0.11171875
0 0.546875 0.48984375 0.09453125 0.09609375
0 0.5796875 0.596875 0.0828125 0.10546875
0 0.675 0.6234375 0.08984375 0.10234375
0 0.69921875 0.74453125 0.0953125 0.11953125
0 0.80859375 0.784375 0.11796875 0.1140625
0 0.8609375 0.8828125 0.06640625 0.08125
0 0.96875 0.98125 0.059375 0.0375
0 0.95625 0.8125 0.0875 0.103125
0 0.89765625 0.73125 0.096875 0.1203125
0 0.98203125 0.65234375 0.0359375 0.08984375
0 0.8765625 0.46640625 0.0890625 0.12109375
0 0.678125 0.50078125 0.115625 0.0875
0 0.80703125 0.6671875 0.0890625 0.11015625
0 0.63828125 0.4109375 0.09296875 0.10703125
0 0.55234375 0.29609375 0.14140625 0.13203125
0 0.453125 0.1734375 0.0796875 0.078125
0 0.47421875 0.26953125 0.0765625 0.128125
0 0.34453125 0.13359375 0.1265625 0.12265625
0 0.27265625 0.04765625 0.16484375 0.08984375
0 0.4015625 0.0234375 0.046875 0.046875
0 0.46640625 0.053125 0.0890625 0.10625
0 0.54921875 0.05546875 0.1015625 0.10859375
0 0.696875 0.11484375 0.08203125 0.125
0 0.690625 0.02734375 0.06875 0.0546875
0 0.7890625 0.03984375 0.08203125 0.0796875
0 0.859375 0.07421875 0.06953125 0.14296875
0 0.94296875 0.15703125 0.10546875 0.18203125
0 0.984375 0.06953125 0.03125 0.1078125
0 0.94375 0.0203125 0.08203125 0.0359375
0 0.8296875 0.240625 0.10546875 0.1640625
0 0.9140625 0.315625 0.08828125 0.1203125
0 0.97421875 0.36171875 0.0515625 0.1671875
0 0.665625 0.21171875 0.13046875 0.12578125
0 0.71953125 0.29375 0.1125 0.1046875
0 0.7703125 0.16640625 0.08125 0.14609375
0 0.7484375 0.3859375 0.0796875 0.096875
0 0.7375 0.9765625 0.078125 0.046875
0 0.72890625 0.9046875 0.11171875 0.0828125
0 0.6046875 0.83984375 0.1109375 0.1234375
0 0.5484375 0.73828125 0.109375 0.12109375
0 0.48359375 0.6828125 0.09296875 0.125
0 0.021875 0.1625 0.04375 0.134375
0 0.0875 0.21171875 0.08359375 0.1546875
0 0.1265625 0.3109375 0.08984375 0.12578125
0 0.18125 0.41328125 0.0875 0.096875
0 0.2109375 0.5265625 0.10703125 0.1078125
0 0.3 0.56953125 0.09140625 0.08515625
0 0.3375 0.66484375 0.1234375 0.10859375
0 0.4640625 0.825 0.06796875 0.09296875
0 0.4890625 0.93046875 0.10078125 0.1234375
0 0.60625 0.9671875 0.14375 0.065625
0 0.3765625 0.96875 0.11875 0.0625
0 0.2984375 0.8578125 0.08359375 0.11171875
0 0.23046875 0.7453125 0.084375 0.08515625
0 0.19375 0.65625 0.0984375 0.096875
0 0.06328125 0.4734375 0.11796875 0.13515625
0 0.03046875 0.33828125 0.0609375 0.1046875
0 0.91171875 0.60390625 0.1 0.1234375
0 0.09921875 0.9734375 0.0828125 0.053125
0 0.01640625 0.81796875 0.0328125 0.07890625
0 0.94453125 0.91953125 0.1109375 0.084375
0 0.85078125 0.97265625 0.09453125 0.05390625
0 0.96796875 0.4875 0.0640625 0.075