0 0.5390625 0.66640625 0.05546875 0.05390625
0 0.41640625 0.6875 0.0890625 0.06328125
0 0.2953125 0.7109375 0.10390625 0.07265625
0 0.15859375 0.715625 0.13125 0.071875
0 0.66015625 0.66171875 0.05546875 0.04453125
0 0.8671875 0.60859375 0.075 0.0734375
0 0.9625 0.57734375 0.075 0.0984375
0 0.97734375 0.44140625 0.0453125 0.0765625
0 0.865625 0.51015625 0.06796875 0.071875
0 0.71875 0.54375 0.08125 0.0609375
0 0.49609375 0.58046875 0.0546875 0.0578125
0 0.4015625 0.6046875 0.08515625 0.06171875
0 0.28125 0.62265625 0.1171875 0.08359375
0 0.09765625 0.6109375 0.1015625 0.075
0 0.0203125 0.63203125 0.040625 0.0578125
0 0.09453125 0.73359375 0.071875 0.059375
0 0.1 0.83515625 0.0921875 0.06015625
0 0.21875 0.8171875 0.13125 0.09765625
0 0.36875 0.8125 0.10390625 0.078125
0 0.77109375 0.75546875 0.075 0.065625
0 0.85234375 0.72578125 0.0765625 0.08046875
0 0.98125 0.68515625 0.0375 0.0640625
0 0.0515625 0.94453125 0.10078125 0.1109375
0 0.16796875 0.93984375 0.09453125 0.0796875
0 0.26484375 0.9328125 0.07421875 0.0515625
0 0.3484375 0.9265625 0.121875 0.07421875
0 0.521875 0.90078125 0.08359375 0.07109375
0 0.60625 0.9 0.0734375 0.0625
0 0.7453125 0.8734375 0.07265625 0.053125
0 0.78828125 0.94140625 0.06953125 0.06875
0 0.9890625 0.89375 0.021875 0.071875
0 0.96953125 0.81328125 0.0609375 0.0546875
0 0.58125 0.7921875 0.0609375 0.065625
0 0.70234375 0.9765625 0.0484375 0.046875
0 0.88125 0.9171875 0.0953125 0.07265625
0 0.0421875 0.51796875 0.084375 0.0765625
0 0.15390625 0.53984375 0.1015625 0.08828125
0 0.2671875 0.521875 0.09921875 0.0734375
0 0.39140625 0.4921875 0.10234375 0.0921875
0 0.56015625 0.471875 0.0796875 0.06015625
0 0.63828125 0.4515625 0.0796875 0.0796875
0 0.77578125 0.40234375 0.065625 0.06328125
0 0.89140625 0.390625 0.05390625 0.05234375
0 0.9859375 0.36328125 0.028125 0.0734375
0 0.66953125 0.778125 0.078125 0.071875
0 0.6296875 0.5703125 0.0640625 0.0625
0 0.93125 0.2546875 0.0484375 0.0625
0 0.57109375 0.3453125 0.071875 0.06640625
0 0.46953125 0.37265625 0.07109375 0.05078125
0 0.36484375 0.403125 0.08671875 0.06171875
0 0.26171875 0.4265625 0.053125 0.03359375
0 0.13984375 0.43671875 0.08359375 0.05546875
0 0.03359375 0.42578125 0.0671875 0.05625
0 0.15078125 0.34453125 0.05625 0.0625
0 0.2375 0.346875 0.0890625 0.06953125
0 0.33046875 0.30625 0.09609375 0.06015625
0 0.64140625 0.2140625 0.0875 0.0796875
0 0.54609375 0.246875 0.0640625 0.07421875
0 0.37109375 0.1921875 0.10234375 0.09609375
0 0.26796875 0.228125 0.08671875 0.0671875
0 0.49921875 0.1609375 0.07109375 0.06796875
0 0.7234375 0.090625 0.0703125 0.08046875
0 0.740625 0.1890625 0.08125 0.08515625
0 0.89140625 0.15 0.07109375 0.06015625
0 0.97734375 0.10390625 0.04453125 0.07578125
0 0.840625 0.040625 0.08046875 0.06015625
0 0.3171875 0.0390625 0.08125 0.05703125
0 0.17734375 0.06953125 0.10078125 0.0625
0 0.09921875 0.096875 0.06640625 0.05
0 0.21015625 0.01484375 0.0921875 0.0296875
0 0.0765625 0.015625 0.08125 0.03125
0 0.02109375 0.03828125 0.0421875 0.0671875
0 0.6234375 0.12890625 0.0515625 0.04453125