0 0.0234375 0.11171875 0.046875 0.0828125
0 0.128125 0.06875 0.08046875 0.075
0 0.403125 0.015625 0.059375 0.03125
0 0.2453125 0.05859375 0.04140625 0.05546875
0 0.11875 0.1828125 0.05 0.0640625
0 0.2453125 0.15703125 0.05625 0.05546875
0 0.3421875 0.109375 0.05703125 0.06875
0 0.45078125 0.07578125 0.05234375 0.05
0 0.0265625 0.328125 0.0515625 0.05390625
0 0.29609375 0.22734375 0.05625 0.04140625
0 0.40234375 0.17421875 0.075 0.0765625
0 0.51171875 0.14296875 0.06640625 0.06796875
0 0.62734375 0.10078125 0.05390625 0.05703125
0 0.79453125 0.06953125 0.0578125 0.06640625
0 0.81171875 0.16328125 0.05859375 0.07734375
0 0.68828125 0.21171875 0.0640625 0.07734375
0 0.91796875 0.3375 0.06640625 0.0703125
0 0.96875 0.47109375 0.0625 0.0828125
0 0.78515625 0.4265625 0.0828125 0.08671875
0 0.67265625 0.478125 0.10234375 0.084375
0 0.54140625 0.48828125 0.08046875 0.09140625
0 0.28828125 0.55234375 0.0859375 0.07734375
0 0.41015625 0.52734375 0.0625 0.06640625
0 0.1921875 0.57578125 0.05234375 0.05859375
0 0.0375 0.50703125 0.07265625 0.075
0 0.06953125 0.6 0.059375 0.084375
0 0.684375 0.365625 0.06875 0.0734375
0 0.853125 0.5140625 0.1078125 0.1109375
0 0.88671875 0.62109375 0.08984375 0.103125
0 0.7703125 0.6671875 0.0890625 0.08515625
0 0.7296875 0.56640625 0.10234375 0.08828125
0 0.33671875 0.665625 0.0859375 0.09296875
0 0.21640625 0.68359375 0.075 0.08125
0 0.253125 0.909375 0.078125 0.08359375
0 0.4015625 0.9234375 0.0765625 0.09453125
0 0.1140625 0.86171875 0.07890625 0.0875
0 0.1234375 0.94765625 0.0796875 0.0859375
0 0.24375 0.79453125 0.09140625 0.09921875
0 0.10078125 0.69765625 0.0640625 0.0734375
0 0.02421875 0.94375 0.0484375 0.1125
0 0.56484375 0.95390625 0.0578125 0.075
0 0.92421875 0.72109375 0.05859375 0.065625
0 0.56640625 0.39296875 0.065625 0.071875
0 0.96015625 0.83515625 0.0796875 0.0765625
0 0.25859375 0.34140625 0.05546875 0.0515625
0 0.5890625 0.5859375 0.0703125 0.0546875
0 0.38828125 0.76875 0.06015625 0.053125