0 0.3765625 0.03828125 0.11953125 0.075
0 0.453125 0.0921875 0.10078125 0.09921875
0 0.51015625 0.2 0.11484375 0.128125
0 0.56875 0.296875 0.08984375 0.09140625
0 0.62578125 0.390625 0.08203125 0.10859375
0 0.74921875 0.57578125 0.0734375 0.07265625
0 0.8 0.66171875 0.0828125 0.096875
0 0.8671875 0.75390625 0.08203125 0.08515625
0 0.91484375 0.85859375 0.08046875 0.09609375
0 0.98984375 0.95390625 0.0203125 0.0640625
0 0.59453125 0.11015625 0.0921875 0.11953125
0 0.66953125 0.21953125 0.0984375 0.11015625
0 0.71875 0.27734375 0.08515625 0.1015625
0 0.771875 0.38125 0.11796875 0.12890625
0 0.8609375 0.4828125 0.109375 0.11015625
0 0.953125 0.64453125 0.09375 0.08828125
0 0.97421875 0.75859375 0.0515625 0.11171875
0 0.66484375 0.0609375 0.11796875 0.11953125
0 0.7671875 0.10234375 0.10546875 0.103125
0 0.82578125 0.20390625 0.115625 0.12421875
0 0.890625 0.278125 0.125 0.1390625
0 0.95859375 0.39296875 0.08046875 0.0984375
0 0.97734375 0.4859375 0.0453125 0.0875
0 0.87421875 0.0265625 0.11171875 0.053125
0 0.92578125 0.11015625 0.1359375 0.12109375
0 0.13984375 0.0734375 0.0875 0.084375
0 0.190625 0.1484375 0.071875 0.07578125
0 0.2515625 0.26640625 0.0828125 0.05625
0 0.30234375 0.35625 0.0859375 0.08203125
0 0.41015625 0.5328125 0.059375 0.05546875
0 0.5421875 0.68984375 0.04296875 0.065625
0 0.58828125 0.7796875 0.07578125 0.08046875
0 0.15 0.8484375 0.07578125 0.078125
0 0.0375 0.8875 0.06640625 0.09296875
0 0.06328125 0.97890625 0.10703125 0.04140625
0 0.41015625 0.9859375 0.0703125 0.028125
0 0.05390625 0.65546875 0.075 0.06953125
0 0.27265625 0.8015625 0.0859375 0.096875
0 0.29921875 0.9015625 0.075 0.08203125
0 0.20390625 0.72578125 0.08828125 0.07890625
0 0.090625 0.4234375 0.0859375 0.08515625
0 0.10234375 0.2890625 0.0828125 0.0859375
0 0.01640625 0.35546875 0.0328125 0.07265625
0 0.0296875 0.209375 0.059375 0.071875
0 0.10546875 0.184375 0.059375 0.06640625
0 0.0171875 0.1140625 0.034375 0.07890625
0 0.3234375 0.509375 0.06796875 0.065625
0 0.44921875 0.82734375 0.05703125 0.0703125
0 0.34296875 0.69765625 0.0734375 0.0828125
0 0.1953125 0.95 0.0421875 0.040625
0 0.2 0.64296875 0.08046875 0.09921875
0 0.14140625 0.51640625 0.10390625 0.09375
0 0.0140625 0.57109375 0.028125 0.07109375