0 0.07109375 0.44921875 0.10546875 0.0953125
0 0.24140625 0.45078125 0.07421875 0.075
0 0.3875 0.4296875 0.0734375 0.0734375
0 0.515625 0.403125 0.0546875 0.059375
0 0.68125 0.3625 0.06796875 0.06640625
0 0.96875 0.28671875 0.0625 0.0765625
0 0.765625 0.328125 0.0453125 0.05390625
0 0.1078125 0.584375 0.06796875 0.090625
0 0.4109375 0.53828125 0.08984375 0.10546875
0 0.58671875 0.5015625 0.0609375 0.071875
0 0.94140625 0.42109375 0.11171875 0.08125
0 0.89921875 0.521875 0.10390625 0.0890625
0 0.78359375 0.575 0.05859375 0.06484375
0 0.62421875 0.609375 0.053125 0.059375
0 0.31875 0.6421875 0.071875 0.06875
0 0.88046875 0.7078125 0.07421875 0.0671875
0 0.74609375 0.75625 0.07578125 0.0703125
0 0.3859375 0.95703125 0.071875 0.08125
0 0.0765625 0.9078125 0.065625 0.06953125
0 0.1828125 0.82421875 0.05625 0.05859375
0 0.721875 0.8953125 0.0890625 0.09140625
0 0.79453125 0.971875 0.1109375 0.05625
0 0.96171875 0.9625 0.0765625 0.075
0 0.571875 0.7359375 0.08125 0.0859375
0 0.44296875 0.1078125 0.05078125 0.05390625
0 0.5921875 0.11015625 0.06484375 0.0734375
0 0.77421875 0.0578125 0.1734375 0.096875
0 0.97421875 0.1125 0.0515625 0.06171875
0 0.25 0.13125 0.07734375 0.084375
0 0.10625 0.14296875 0.07734375 0.07265625
0 0.11796875 0.0265625 0.096875 0.053125
0 0.34921875 0.28671875 0.06796875 0.0859375
0 0.80859375 0.16875 0.08046875 0.059375