0 0.203125 0.55625 0.0609375 0.0765625
0 0.10859375 0.56953125 0.06953125 0.07421875
0 0.0171875 0.5671875 0.034375 0.06875
0 0.31640625 0.56875 0.0765625 0.09296875
0 0.47109375 0.56015625 0.0796875 0.10390625
0 0.63671875 0.55625 0.075 0.0875
0 0.78984375 0.57109375 0.06640625 0.078125
0 0.93984375 0.56875 0.05859375 0.05859375
0 0.4671875 0.4421875 0.0765625 0.07421875
0 0.3296875 0.45234375 0.08125 0.078125
0 0.21796875 0.41875 0.0890625 0.07109375
0 0.75703125 0.46328125 0.0765625 0.07421875
0 0.9484375 0.3453125 0.084375 0.10859375
0 0.7890625 0.3640625 0.04765625 0.05546875
0 0.5015625 0.35234375 0.06875 0.075
0 0.35703125 0.35703125 0.08046875 0.084375
0 0.115625 0.31171875 0.07265625 0.07578125
0 0.01015625 0.22109375 0.0203125 0.0859375
0 0.090625 0.1515625 0.10859375 0.0984375
0 0.23984375 0.2359375 0.065625 0.06640625
0 0.38359375 0.21640625 0.06953125 0.075
0 0.54140625 0.21640625 0.06328125 0.0640625
0 0.67109375 0.20234375 0.0734375 0.078125
0 0.953125 0.225 0.09375 0.10703125
0 0.88203125 0.0546875 0.1140625 0.10390625
0 0.7359375 0.084375 0.078125 0.07578125
0 0.575 0.096875 0.06328125 0.075
0 0.23203125 0.14921875 0.0609375 0.04921875
0 0.43984375 0.12578125 0.06796875 0.053125
0 0.125 0.0234375 0.05 0.046875
0 0.4515625 0.02109375 0.0484375 0.0390625
0 0.31328125 0.1109375 0.08203125 0.071875
0 0.68828125 0.696875 0.07578125 0.06796875
0 0.5578125 0.69921875 0.0625 0.0609375
0 0.396875 0.6921875 0.04375 0.04609375
0 0.24765625 0.69296875 0.06796875 0.1015625
0 0.11015625 0.69453125 0.090625 0.09453125
0 0.05390625 0.92109375 0.090625 0.075
0 0.23046875 0.86953125 0.0671875 0.1140625
0 0.29921875 0.9765625 0.07578125 0.046875
0 0.45078125 0.97421875 0.075 0.0515625
0 0.5796875 0.953125 0.0890625 0.06796875
0 0.8640625 0.909375 0.05 0.06953125
0 0.49140625 0.82578125 0.05703125 0.0734375
0 0.7046875 0.94140625 0.07109375 0.0765625
0 0.77265625 0.80390625 0.0453125 0.06015625
0 0.93984375 0.76328125 0.0828125 0.084375