0 0.08984375 0.03203125 0.0625 0.0609375
0 0.17421875 0.03046875 0.07109375 0.06015625
0 0.41484375 0.01875 0.05625 0.0375
0 0.5921875 0.0109375 0.0578125 0.02109375
0 0.01875 0.18359375 0.0375 0.0734375
0 0.11875 0.16015625 0.071875 0.08515625
0 0.2765625 0.16171875 0.0484375 0.06796875
0 0.42734375 0.14296875 0.07578125 0.0765625
0 0.56796875 0.1109375 0.05078125 0.04375
0 0.75 0.08515625 0.075 0.07265625
0 0.8984375 0.05078125 0.0765625 0.09453125
0 0.10703125 0.2828125 0.06484375 0.08203125
0 0.28671875 0.26953125 0.05390625 0.07109375
0 0.44140625 0.265625 0.090625 0.0875
0 0.60234375 0.21953125 0.11484375 0.0921875
0 0.77890625 0.21015625 0.0734375 0.08203125
0 0.87578125 0.39375 0.071875 0.06796875
0 0.66640625 0.4125 0.05390625 0.05546875
0 0.40703125 0.43671875 0.0625 0.07734375
0 0.1453125 0.4859375 0.07265625 0.08203125
0 0.31171875 0.48828125 0.071875 0.0515625
0 0.11875 0.609375 0.03515625 0.0359375
0 0.42578125 0.56640625 0.08359375 0.08125
0 0.83359375 0.51484375 0.08203125 0.0984375
0 0.7765625 0.64609375 0.08203125 0.06953125
0 0.58984375 0.678125 0.08984375 0.08046875
0 0.43125 0.68828125 0.0453125 0.03828125
0 0.26796875 0.72734375 0.06640625 0.0671875
0 0.11875 0.73515625 0.0546875 0.05859375
0 0.0390625 0.8359375 0.04921875 0.059375
0 0.17734375 0.8265625 0.06171875 0.0578125
0 0.35078125 0.8125 0.0671875 0.0765625
0 0.5046875 0.7921875 0.06953125 0.0796875
0 0.815625 0.75859375 0.05 0.05546875
0 0.9671875 0.75 0.065625 0.06875
0 0.96328125 0.86796875 0.06171875 0.075
0 0.7984375 0.8734375 0.07421875 0.06875
0 0.6453125 0.89375 0.0703125 0.08046875
0 0.48203125 0.90859375 0.06796875 0.07265625
0 0.1921875 0.94609375 0.096875 0.09375
0 0.0453125 0.9578125 0.084375 0.07734375
0 0.3234375 0.9203125 0.06640625 0.04921875
0 0.5421875 0.97890625 0.08125 0.04140625
0 0.984375 0.97734375 0.03125 0.0453125
0 0.69140625 0.52734375 0.07265625 0.05625