0 0.93046875 0.62734375 0.11171875 0.096875
0 0.9 0.7125 0.13359375 0.084375
0 0.79765625 0.653125 0.07265625 0.07109375
0 0.7359375 0.740625 0.11484375 0.08125
0 0.61796875 0.753125 0.10859375 0.07734375
0 0.64453125 0.634375 0.11953125 0.090625
0 0.51953125 0.65 0.10703125 0.0875
0 0.48203125 0.76796875 0.12109375 0.08671875
0 0.34765625 0.79375 0.11640625 0.08828125
0 0.3734375 0.646875 0.1 0.08046875
0 0.2734375 0.66875 0.0953125 0.0890625
0 0.21796875 0.8 0.11640625 0.0890625
0 0.1234375 0.66015625 0.096875 0.08203125
0 0.10078125 0.78046875 0.125 0.09296875
0 0.01328125 0.7765625 0.02578125 0.05859375
0 0.03125 0.65390625 0.06015625 0.05859375
0 0.02890625 0.8953125 0.04765625 0.10546875
0 0.1421875 0.90859375 0.06640625 0.05390625
0 0.2546875 0.89921875 0.10078125 0.075
0 0.3546875 0.90625 0.09140625 0.0796875
0 0.4828125 0.9046875 0.13046875 0.096875
0 0.7640625 0.87109375 0.0625 0.0859375
0 0.8578125 0.84765625 0.11953125 0.1015625
0 0.43125 0.9765625 0.059375 0.046875
0 0.08203125 0.96953125 0.0859375 0.0609375
0 0.8921875 0.92265625 0.046875 0.05703125
0 0.0390625 0.54453125 0.07734375 0.08125
0 0.14140625 0.5359375 0.10390625 0.0859375
0 0.24609375 0.528125 0.0921875 0.0734375
0 0.35703125 0.51171875 0.09140625 0.09453125
0 0.528125 0.521875 0.0828125 0.0640625
0 0.6453125 0.525 0.10078125 0.08203125
0 0.78046875 0.509375 0.10390625 0.078125
0 0.89140625 0.4875 0.0875 0.075
0 0.96796875 0.3234375 0.0640625 0.0875
0 0.8765625 0.375 0.096875 0.08046875
0 0.7375 0.3796875 0.09296875 0.0640625
0 0.62578125 0.40078125 0.09296875 0.071875
0 0.4921875 0.4046875 0.1125 0.07734375
0 0.3484375 0.40078125 0.146875 0.0921875
0 0.12265625 0.41328125 0.115625 0.07109375
0 0.015625 0.41640625 0.03125 0.065625
0 0.0484375 0.31640625 0.096875 0.10859375
0 0.178125 0.3390625 0.07578125 0.059375
0 0.1015625 0.159375 0.0796875 0.071875
0 0.03984375 0.07421875 0.0796875 0.0921875
0 0.1234375 0.0578125 0.09375 0.07109375
0 0.36328125 0.03203125 0.08515625 0.059375
0 0.228125 0.04296875 0.08984375 0.06328125
0 0.46640625 0.02109375 0.09921875 0.0421875
0 0.5953125 0.028125 0.12890625 0.05625
0 0.759375 0.01953125 0.07578125 0.0390625
0 0.85546875 0.03125 0.0765625 0.0625
0 0.9765625 0.1296875 0.046875 0.0703125
0 0.87890625 0.25 0.10859375 0.06796875
0 0.98515625 0.24296875 0.0296875 0.0546875
0 0.74375 0.26640625 0.10234375 0.0921875
0 0.51640625 0.29375 0.0703125 0.0734375
0 0.63828125 0.2796875 0.09609375 0.090625
0 0.40390625 0.29609375 0.07578125 0.0640625
0 0.33515625 0.15390625 0.109375 0.078125
0 0.4640625 0.15703125 0.096875 0.07265625
0 0.615625 0.1390625 0.078125 0.0734375
0 0.76171875 0.13359375 0.08046875 0.07421875