0 0.05546875 0.05078125 0.0921875 0.1015625
0 0.14296875 0.040625 0.08203125 0.08125
0 0.44921875 0.07578125 0.0953125 0.0859375
0 0.396875 0.18515625 0.08203125 0.08359375
0 0.31875 0.14296875 0.071875 0.07265625
0 0.359375 0.0953125 0.071875 0.0921875
0 0.60703125 0.0125 0.05234375 0.02421875
0 0.61953125 0.11640625 0.06953125 0.075
0 0.70234375 0.096875 0.09296875 0.09296875
0 0.72265625 0.025 0.0765625 0.04921875
0 0.8390625 0.1078125 0.1 0.1078125
0 0.83828125 0.01953125 0.04921875 0.0390625
0 0.95859375 0.1015625 0.0828125 0.115625
0 0.9609375 0.259375 0.078125 0.090625
0 0.85859375 0.24140625 0.10390625 0.109375
0 0.7421875 0.24453125 0.0953125 0.103125
0 0.6421875 0.2375 0.0828125 0.0828125
0 0.553125 0.2390625 0.06796875 0.071875
0 0.440625 0.28671875 0.10546875 0.1046875
0 0.34609375 0.27890625 0.11328125 0.084375
0 0.59140625 0.4125 0.08359375 0.08046875
0 0.6953125 0.39296875 0.11015625 0.0984375
0 0.8609375 0.4078125 0.084375 0.0890625
0 0.9609375 0.35 0.078125 0.084375
0 0.9171875 0.51640625 0.07578125 0.0890625
0 0.97734375 0.43828125 0.0453125 0.0671875
0 0.77890625 0.51640625 0.0921875 0.09609375
0 0.8453125 0.73203125 0.09453125 0.08671875
0 0.934375 0.6140625 0.0453125 0.03515625
0 0.853125 0.8671875 0.1140625 0.09296875
0 0.89921875 0.98125 0.0640625 0.0375
0 0.82421875 0.9765625 0.0828125 0.046875
0 0.62578125 0.871875 0.1109375 0.09140625
0 0.70078125 0.85 0.084375 0.075
0 0.471875 0.9875 0.075 0.025
0 0.06484375 0.92734375 0.08984375 0.0734375
0 0.15546875 0.9140625 0.10078125 0.078125
0 0.26953125 0.9078125 0.12421875 0.08046875
0 0.38203125 0.89375 0.08671875 0.06953125
0 0.490625 0.86015625 0.11171875 0.08203125
0 0.72421875 0.74609375 0.10234375 0.07265625
0 0.61640625 0.74140625 0.09453125 0.103125
0 0.459375 0.75234375 0.11796875 0.09296875
0 0.34609375 0.77109375 0.11328125 0.09375
0 0.228125 0.78125 0.10390625 0.09140625
0 0.13046875 0.81484375 0.0890625 0.0734375
0 0.05859375 0.68125 0.1015625 0.10390625
0 0.19296875 0.67109375 0.08203125 0.0875
0 0.30625 0.65546875 0.07578125 0.0765625
0 0.40234375 0.6390625 0.0921875 0.07109375
0 0.55546875 0.640625 0.06640625 0.05703125
0 0.659375 0.62890625 0.08984375 0.0875
0 0.7828125 0.6171875 0.07109375 0.07578125
0 0.0234375 0.28203125 0.04453125 0.0671875
0 0.1296875 0.58203125 0.065625 0.07421875
0 0.53125 0.575 0.04375 0.03828125