0 0.95 0.88359375 0.08046875 0.0890625
0 0.759375 0.6703125 0.09609375 0.1
0 0.56328125 0.55078125 0.1078125 0.0984375
0 0.15625 0.34453125 0.09453125 0.0921875
0 0.065625 0.22109375 0.1015625 0.115625
0 0.2921875 0.440625 0.08984375 0.09140625
0 0.38515625 0.5578125 0.0953125 0.09375
0 0.4703125 0.65546875 0.08515625 0.0984375
0 0.61171875 0.78203125 0.10390625 0.10078125
0 0.62265625 0.87890625 0.09921875 0.08125
0 0.81953125 0.88515625 0.096875 0.0859375
0 0.753125 0.78046875 0.10546875 0.11015625
0 0.59296875 0.659375 0.1125 0.10859375
0 0.278125 0.30078125 0.10703125 0.0765625
0 0.21328125 0.20859375 0.09453125 0.090625
0 0.36953125 0.18515625 0.09453125 0.08359375
0 0.4328125 0.1046875 0.09296875 0.09296875
0 0.5828125 0.08046875 0.11171875 0.1046875
0 0.73203125 0.059375 0.09453125 0.06875
0 0.93046875 0.06640625 0.1390625 0.1109375
0 0.87265625 0.21015625 0.13515625 0.12890625
0 0.95625 0.35390625 0.0875 0.0984375
0 0.8046875 0.346875 0.0953125 0.08046875
0 0.63828125 0.33671875 0.10703125 0.10625
0 0.7640625 0.45078125 0.0859375 0.078125
0 0.71640625 0.559375 0.08203125 0.07734375
0 0.47578125 0.3234375 0.10546875 0.090625
0 0.14765625 0.465625 0.0875 0.0703125
0 0.01640625 0.4734375 0.0328125 0.0890625
0 0.07578125 0.59375 0.0609375 0.071875
0 0.26640625 0.59140625 0.109375 0.1265625
0 0.41484375 0.74921875 0.0828125 0.10625
0 0.46796875 0.8875 0.08203125 0.09921875
0 0.92109375 0.67734375 0.10703125 0.090625
0 0.94140625 0.7921875 0.11640625 0.12265625
0 0.85 0.5359375 0.05 0.0578125
0 0.7 0.20859375 0.0765625 0.1046875
0 0.12421875 0.83671875 0.1015625 0.14453125
0 0.02265625 0.8546875 0.0453125 0.1125
0 0.0375 0.98046875 0.06953125 0.03828125
0 0.31484375 0.90625 0.0875 0.0765625
0 0.26796875 0.7875 0.09921875 0.11015625
0 0.425 0.984375 0.065625 0.03125