0 0.27109375 0.45 0.07109375 0.071875
0 0.425 0.409375 0.12265625 0.10859375
0 0.11796875 0.4859375 0.0578125 0.078125
0 0.01796875 0.5203125 0.03046875 0.05859375
0 0.0453125 0.37734375 0.06484375 0.07265625
0 0.2 0.365625 0.07109375 0.0640625
0 0.3453125 0.3484375 0.0890625 0.09453125
0 0.26875 0.22109375 0.10078125 0.1015625
0 0.10078125 0.14921875 0.06640625 0.06640625
0 0.053125 0.03203125 0.078125 0.0640625
0 0.44140625 0.078125 0.09296875 0.06328125
0 0.4140625 0.19140625 0.0875 0.06484375
0 0.55625 0.16484375 0.0984375 0.0890625
0 0.665625 0.134375 0.0703125 0.06484375
0 0.78828125 0.0265625 0.09453125 0.0484375
0 0.58515625 0.26171875 0.0828125 0.07578125
0 0.578125 0.41015625 0.06796875 0.059375
0 0.72890625 0.4046875 0.0609375 0.06796875
0 0.33203125 0.95234375 0.09453125 0.08671875
0 0.1140625 0.86171875 0.08046875 0.06953125
0 0.0140625 0.78671875 0.028125 0.0734375
0 0.1546875 0.71640625 0.065625 0.08359375
0 0.29453125 0.7046875 0.0984375 0.1
0 0.44140625 0.8546875 0.09921875 0.0875
0 0.275 0.83828125 0.0921875 0.08359375
0 0.615625 0.80546875 0.09921875 0.096875
0 0.721875 0.9453125 0.078125 0.07890625
0 0.86015625 0.9109375 0.07578125 0.0890625
0 0.984375 0.9046875 0.03125 0.06875
0 0.76953125 0.790625 0.0859375 0.0765625
0 0.40546875 0.5625 0.07578125 0.0890625
0 0.41171875 0.64140625 0.07421875 0.0515625
0 0.62578125 0.64296875 0.07578125 0.0625
0 0.5953125 0.53828125 0.12890625 0.09453125
0 0.74921875 0.5390625 0.0875 0.07578125
0 0.87265625 0.51484375 0.06796875 0.059375
0 0.953125 0.62890625 0.08515625 0.0796875
0 0.7875 0.64765625 0.10703125 0.096875
0 0.18828125 0.59609375 0.08125 0.07578125
0 0.059375 0.603125 0.05703125 0.0421875
0 0.01328125 0.98359375 0.02578125 0.0328125
0 0.9 0.78125 0.10234375 0.08515625
0 0.2703125 0.1125 0.06953125 0.0625
0 0.9703125 0.16171875 0.059375 0.0453125
0 0.96171875 0.04921875 0.0765625 0.0984375
0 0.90390625 0.37734375 0.05859375 0.05390625
0 0.8671875 0.23203125 0.04140625 0.0359375