0 0.375 0.5515625 0.0890625 0.09296875
0 0.5390625 0.54921875 0.065625 0.08984375
0 0.46796875 0.4265625 0.07421875 0.11171875
0 0.5 0.3125 0.04921875 0.0859375
0 0.62734375 0.40078125 0.0703125 0.09453125
0 0.6453125 0.30625 0.0515625 0.06953125
0 0.690625 0.55234375 0.06484375 0.07109375
0 0.965625 0.615625 0.06875 0.0875
0 0.98515625 0.4546875 0.0296875 0.1
0 0.77421875 0.40625 0.07890625 0.078125
0 0.63671875 0.15234375 0.084375 0.08671875
0 0.5390625 0.1859375 0.05546875 0.10234375
0 0.37421875 0.203125 0.0671875 0.096875
0 0.365625 0.3359375 0.05234375 0.06796875
0 0.33046875 0.4640625 0.0703125 0.06171875
0 0.365625 0.71484375 0.05234375 0.07578125
0 0.6640625 0.715625 0.04375 0.0671875
0 0.65 0.04296875 0.09140625 0.0859375
0 0.76796875 0.034375 0.0796875 0.06875
0 0.803125 0.15546875 0.07109375 0.0859375
0 0.5125 0.05859375 0.05859375 0.09140625
0 0.37578125 0.08671875 0.05390625 0.090625
0 0.09375 0.16015625 0.06015625 0.05
0 0.0890625 0.0265625 0.0625 0.053125
0 0.24609375 0.034375 0.0640625 0.06875
0 0.21171875 0.14921875 0.065625 0.07421875
0 0.19453125 0.4734375 0.0515625 0.0640625
0 0.09140625 0.6234375 0.0578125 0.07421875
0 0.234375 0.36484375 0.03828125 0.05
0 0.02734375 0.06640625 0.04453125 0.0625
0 0.23515625 0.6125 0.0609375 0.06171875
0 0.26796875 0.8421875 0.06328125 0.07109375
0 0.05859375 0.7453125 0.07109375 0.075
0 0.01640625 0.8828125 0.0328125 0.05
0 0.121875 0.98671875 0.059375 0.0265625
0 0.4421875 0.97578125 0.071875 0.0484375
0 0.596875 0.953125 0.05625 0.08125
0 0.7984375 0.95546875 0.05390625 0.06953125
0 0.9171875 0.35546875 0.04140625 0.0578125
0 0.1265625 0.8734375 0.034375 0.0375
0 0.79453125 0.28125 0.06015625 0.0921875