0 0.04609375 0.146875 0.084375 0.0609375
0 0.03515625 0.028125 0.0671875 0.05625
0 0.2984375 0.028125 0.07421875 0.05625
0 0.1984375 0.14375 0.053125 0.05703125
0 0.446875 0.10859375 0.07421875 0.08125
0 0.4296875 0.021875 0.04453125 0.04375
0 0.53671875 0.0203125 0.0546875 0.0375
0 0.5828125 0.10390625 0.07578125 0.09375
0 0.740625 0.0671875 0.05859375 0.05
0 0.896875 0.065625 0.03828125 0.04140625
0 0.78671875 0.1921875 0.0703125 0.07265625
0 0.653125 0.2234375 0.0453125 0.0578125
0 0.54609375 0.34140625 0.0640625 0.06640625
0 0.3671875 0.36640625 0.12734375 0.1046875
0 0.5859375 0.43984375 0.0875 0.09609375
0 0.45546875 0.459375 0.05078125 0.0578125
0 0.1453125 0.4828125 0.109375 0.09921875
0 0.08984375 0.3921875 0.0890625 0.0859375
0 0.04453125 0.496875 0.08359375 0.08515625
0 0.05859375 0.2515625 0.1015625 0.0828125
0 0.21171875 0.24765625 0.08671875 0.09296875
0 0.49921875 0.24765625 0.06484375 0.07578125
0 0.80703125 0.31640625 0.06875 0.0734375
0 0.728125 0.434375 0.0625 0.07890625
0 0.875 0.43828125 0.05703125 0.0671875
0 0.96875 0.153125 0.05390625 0.0703125
0 0.32890625 0.14375 0.04140625 0.05703125
0 0.03359375 0.68046875 0.0671875 0.0734375
0 0.6625 0.6296875 0.06640625 0.0890625
0 0.9375 0.575 0.08359375 0.08203125
0 0.79921875 0.6390625 0.0484375 0.06796875
0 0.5484375 0.65 0.04921875 0.05625
0 0.4171875 0.659375 0.0453125 0.040625
0 0.28515625 0.790625 0.06796875 0.0765625
0 0.15703125 0.79296875 0.06171875 0.046875
0 0.040625 0.82109375 0.0734375 0.0765625
0 0.42890625 0.79296875 0.0828125 0.078125
0 0.553125 0.7828125 0.08984375 0.08515625
0 0.7078125 0.7609375 0.05 0.06484375
0 0.8328125 0.7453125 0.05234375 0.06796875
0 0.9703125 0.74921875 0.059375 0.0609375
0 0.9484375 0.86015625 0.0703125 0.08671875
0 0.8171875 0.865625 0.05234375 0.06171875
0 0.68515625 0.890625 0.0734375 0.075
0 0.54609375 0.89765625 0.053125 0.06875
0 0.4015625 0.903125 0.0625 0.05703125
0 0.0390625 0.92421875 0.07734375 0.08671875
0 0.06640625 0.984375 0.0734375 0.03125
0 0.6359375 0.97734375 0.05 0.0453125
0 0.8796875 0.96953125 0.053125 0.0609375
0 0.17109375 0.69375 0.0359375 0.046875