0 0.69140625 0.603125 0.0828125 0.09609375
0 0.6828125 0.725 0.09296875 0.08671875
0 0.83984375 0.58984375 0.07734375 0.07265625
0 0.9625 0.571875 0.075 0.075
0 0.5046875 0.6328125 0.08359375 0.08359375
0 0.3984375 0.65546875 0.06484375 0.06171875
0 0.259375 0.6671875 0.0765625 0.08515625
0 0.12421875 0.68828125 0.0875 0.07109375
0 0.028125 0.71953125 0.053125 0.06640625
0 0.025 0.83984375 0.04765625 0.06640625
0 0.0421875 0.98828125 0.0671875 0.02265625
0 0.734375 0.8453125 0.1109375 0.1234375
0 0.8359375 0.69609375 0.0640625 0.06953125
0 0.88359375 0.821875 0.103125 0.09296875
0 0.82265625 0.96484375 0.0734375 0.0703125
0 0.6 0.625 0.0609375 0.0765625
0 0.57421875 0.50234375 0.08125 0.07734375
0 0.41640625 0.50625 0.0859375 0.08984375
0 0.18203125 0.5546875 0.084375 0.08125
0 0.046875 0.57578125 0.0859375 0.09140625
0 0.0453125 0.4703125 0.05 0.04921875
0 0.29609375 0.41171875 0.071875 0.078125
0 0.14765625 0.425 0.10625 0.07734375
0 0.41484375 0.38984375 0.071875 0.07421875
0 0.6734375 0.37421875 0.075 0.06171875
0 0.82890625 0.3625 0.07265625 0.0671875
0 0.03828125 0.31640625 0.0765625 0.1046875
0 0.17578125 0.33359375 0.0765625 0.06171875
0 0.5421875 0.265625 0.059375 0.0453125
0 0.40625 0.2625 0.1046875 0.0921875
0 0.10078125 0.16328125 0.0875 0.09921875
0 0.01640625 0.12734375 0.0328125 0.071875
0 0.21875 0.13359375 0.0421875 0.04296875
0 0.2578125 0.196875 0.065625 0.05234375
0 0.35703125 0.1640625 0.0578125 0.0625
0 0.48359375 0.17734375 0.053125 0.0546875
0 0.240625 0.03984375 0.06640625 0.059375
0 0.615625 0.02734375 0.06640625 0.046875
0 0.7390625 0.0125 0.06171875 0.025
0 0.88203125 0.0296875 0.04375 0.04765625
0 0.92265625 0.13984375 0.04140625 0.04296875
0 0.5 0.10703125 0.028125 0.04609375
0 0.9578125 0.95 0.046875 0.0484375