0 0.60078125 0.7359375 0.0859375 0.10078125
0 0.66328125 0.82890625 0.071875 0.0671875
0 0.75 0.94296875 0.0609375 0.0625
0 0.28125 0.2796875 0.096875 0.090625
0 0.13203125 0.178125 0.06875 0.08046875
0 0.25546875 0.0375 0.07421875 0.06640625
0 0.0546875 0.06328125 0.0640625 0.07890625
0 0.32890625 0.12265625 0.0796875 0.0875
0 0.42734375 0.27890625 0.05703125 0.05234375
0 0.7578125 0.70390625 0.08828125 0.096875
0 0.95078125 0.51875 0.07578125 0.08671875
0 0.415625 0.01640625 0.05625 0.02734375
0 0.565625 0.1265625 0.05 0.0515625
0 0.5953125 0.22734375 0.0484375 0.05234375
0 0.709375 0.38125 0.05 0.071875
0 0.73125 0.23984375 0.0484375 0.059375
0 0.5953125 0.96640625 0.07578125 0.0671875
0 0.42421875 0.98125 0.0796875 0.0375
0 0.16875 0.96953125 0.065625 0.0609375
0 0.09921875 0.77265625 0.059375 0.0484375
0 0.23359375 0.5421875 0.053125 0.0734375
0 0.09765625 0.54765625 0.0703125 0.06796875
0 0.21015625 0.41015625 0.0578125 0.059375
0 0.10234375 0.33046875 0.04296875 0.0703125
0 0.02109375 0.21875 0.0421875 0.08046875
0 0.65234375 0.5984375 0.05 0.05859375
0 0.475 0.8453125 0.065625 0.07578125
0 0.88828125 0.34609375 0.08125 0.05625
0 0.909375 0.6359375 0.0390625 0.06640625
0 0.9875 0.76875 0.025 0.06015625