0 0.21640625 0.13984375 0.08125 0.09609375
0 0.08125 0.17109375 0.05703125 0.07265625
0 0.04921875 0.0953125 0.0390625 0.0546875
0 0.04609375 0.2671875 0.04140625 0.075
0 0.20859375 0.284375 0.0859375 0.06640625
0 0.02578125 0.4640625 0.05078125 0.1109375
0 0.33828125 0.11796875 0.046875 0.075
0 0.16328125 0.48046875 0.0484375 0.0640625
0 0.31953125 0.4203125 0.06015625 0.07421875
0 0.4828125 0.3859375 0.06328125 0.0828125
0 0.79296875 0.18046875 0.046875 0.0890625
0 0.85 0.0265625 0.0640625 0.053125
0 0.96640625 0.12265625 0.0671875 0.0953125
0 0.97109375 0.2609375 0.05703125 0.09296875
0 0.878125 0.42734375 0.078125 0.0890625
0 0.7484375 0.44296875 0.06484375 0.0859375
0 0.5734375 0.51796875 0.0765625 0.09296875
0 0.42890625 0.51796875 0.071875 0.09921875
0 0.3125 0.60390625 0.06953125 0.06328125
0 0.2859375 0.71484375 0.05234375 0.0640625
0 0.1140625 0.90078125 0.06953125 0.06953125
0 0.63828125 0.6546875 0.053125 0.08515625
0 0.684375 0.959375 0.05078125 0.06953125
0 0.4109375 0.97578125 0.07578125 0.0484375
0 0.74609375 0.82265625 0.06640625 0.06953125
0 0.00234375 0.94453125 0.0046875 0.0265625
0 0.9578125 0.54140625 0.07890625 0.08515625
0 0.87109375 0.76875 0.046875 0.06953125
0 0.60390625 0.825 0.08046875 0.07421875
0 0.2609375 0.8765625 0.0734375 0.0609375
0 0.1328125 0.74453125 0.078125 0.09453125
0 0.81328125 0.3140625 0.05625 0.06640625
0 0.48203125 0.10390625 0.071875 0.0578125
0 0.6359375 0.35390625 0.059375 0.06953125
0 0.415625 0.2734375 0.0625 0.059375
0 0.63984375 0.20234375 0.06171875 0.0703125
0 0.61328125 0.09296875 0.04296875 0.05546875
0 0.21796875 0.028125 0.05625 0.05390625
0 0.46875 0.86953125 0.07421875 0.075