0 0.778125 0.89609375 0.0828125 0.09296875
0 0.9328125 0.8859375 0.07265625 0.08125
0 0.659375 0.91015625 0.065625 0.06484375
0 0.4625 0.96015625 0.05703125 0.07421875
0 0.18125 0.87578125 0.084375 0.0875
0 0.58515625 0.8046875 0.06015625 0.0734375
0 0.846875 0.9765625 0.059375 0.046875
0 0.9640625 0.9765625 0.071875 0.046875
0 0.8734375 0.7890625 0.06875 0.08203125
0 0.93046875 0.6578125 0.06171875 0.07578125
0 0.784375 0.56015625 0.10625 0.09375
0 0.6265625 0.5625 0.075 0.065625
0 0.64453125 0.6765625 0.08125 0.08046875
0 0.5 0.57265625 0.07578125 0.08125
0 0.9421875 0.5296875 0.059375 0.07109375
0 0.36484375 0.6109375 0.0734375 0.0703125
0 0.22578125 0.64375 0.05859375 0.0390625
0 0.1078125 0.746875 0.0609375 0.06484375
0 0.0140625 0.77890625 0.028125 0.0890625
0 0.25078125 0.73203125 0.05625 0.07265625
0 0.45625 0.80859375 0.071875 0.078125
0 0.52421875 0.67734375 0.05078125 0.06328125
0 0.38671875 0.709375 0.06328125 0.06640625
0 0.7859375 0.665625 0.04921875 0.0578125
0 0.90703125 0.428125 0.0640625 0.0640625
0 0.7625 0.4359375 0.07421875 0.09140625
0 0.62109375 0.44921875 0.046875 0.04921875
0 0.4609375 0.4703125 0.05390625 0.06015625
0 0.17578125 0.509375 0.0671875 0.059375
0 0.0390625 0.53984375 0.078125 0.0796875
0 0.0265625 0.4109375 0.053125 0.08125
0 0.1484375 0.39453125 0.065625 0.08125
0 0.2578125 0.39453125 0.08046875 0.07578125
0 0.440625 0.36171875 0.075 0.0671875
0 0.5671875 0.35703125 0.06171875 0.0765625
0 0.8421875 0.31953125 0.0625 0.075
0 0.9734375 0.309375 0.053125 0.078125
0 0.73046875 0.30234375 0.065625 0.07578125
0 0.05390625 0.1453125 0.08515625 0.0953125
0 0.05078125 0.04140625 0.1015625 0.0828125
0 0.35078125 0.12265625 0.09765625 0.09921875
0 0.28359375 0.0265625 0.0703125 0.053125
0 0.44609375 0.03046875 0.0703125 0.0609375
0 0.2328125 0.1359375 0.06015625 0.06796875
0 0.39296875 0.24296875 0.06875 0.06953125
0 0.1078125 0.246875 0.07265625 0.0609375
0 0.2234375 0.2390625 0.06171875 0.06171875
0 0.48984375 0.12578125 0.0546875 0.06171875
0 0.6625 0.21328125 0.0578125 0.0828125
0 0.81484375 0.20390625 0.0703125 0.08984375
0 0.95390625 0.19296875 0.06171875 0.08359375
0 0.89453125 0.0796875 0.0734375 0.09453125
0 0.7453125 0.07265625 0.05390625 0.071875
0 0.61875 0.11328125 0.078125 0.0953125
0 0.60859375 0.02265625 0.0796875 0.0453125
0 0.29921875 0.95078125 0.06796875 0.09375
0 0.34453125 0.8546875 0.0765625 0.05703125
0 0.02421875 0.909375 0.0484375 0.053125
0 0.7703125 0.75390625 0.04765625 0.06484375