0 0.5546875 0.28203125 0.08984375 0.09296875
0 0.553125 0.19375 0.08203125 0.090625
0 0.51953125 0.08671875 0.07109375 0.0890625
0 0.37109375 0.090625 0.08359375 0.09140625
0 0.371875 0.01953125 0.06796875 0.0390625
0 0.334375 0.2203125 0.07578125 0.07734375
0 0.415625 0.37421875 0.0984375 0.10703125
0 0.54765625 0.39921875 0.07890625 0.0890625
0 0.66796875 0.31484375 0.07578125 0.1015625
0 0.76015625 0.27578125 0.06953125 0.09140625
0 0.65859375 0.0640625 0.0875 0.1125
0 0.9 0.2671875 0.0734375 0.0890625
0 0.8484375 0.18671875 0.0671875 0.0703125
0 0.759375 0.078125 0.05 0.05703125
0 0.83671875 0.05 0.07265625 0.09140625
0 0.959375 0.04140625 0.078125 0.0828125
0 0.93984375 0.36171875 0.06875 0.08515625
0 0.8140625 0.4078125 0.078125 0.0890625
0 0.91953125 0.50859375 0.0453125 0.0625
0 0.95 0.6359375 0.0625 0.0796875
0 0.81015625 0.6359375 0.06484375 0.1046875
0 0.76875 0.51796875 0.06640625 0.09921875
0 0.64609375 0.51640625 0.06640625 0.0734375
0 0.67109375 0.41484375 0.059375 0.0546875
0 0.52109375 0.5125 0.0828125 0.08515625
0 0.66875 0.65234375 0.07890625 0.09453125
0 0.7796875 0.77109375 0.065625 0.0734375
0 0.97421875 0.88515625 0.0515625 0.0890625
0 0.8265625 0.8875 0.0828125 0.09296875
0 0.93671875 0.7921875 0.0359375 0.0515625
0 0.725 0.9765625 0.06171875 0.046875
0 0.42265625 0.9921875 0.04140625 0.015625
0 0.2875 0.9390625 0.0671875 0.06640625
0 0.14609375 0.946875 0.0859375 0.0875
0 0.0265625 0.96328125 0.053125 0.0640625
0 0.0265625 0.85859375 0.0453125 0.05390625
0 0.13828125 0.83671875 0.0703125 0.0515625
0 0.25234375 0.79921875 0.0734375 0.0734375
0 0.11328125 0.69609375 0.10546875 0.09453125
0 0.25 0.67421875 0.08046875 0.09296875
0 0.3890625 0.79375 0.065625 0.0625
0 0.53125 0.759375 0.0765625 0.07578125
0 0.278125 0.54453125 0.08203125 0.078125
0 0.41328125 0.5390625 0.04921875 0.05390625
0 0.1515625 0.55625 0.0796875 0.0875
0 0.11875 0.42734375 0.084375 0.0890625
0 0.26640625 0.4296875 0.0734375 0.0921875
0 0.13515625 0.275 0.09140625 0.09296875
0 0.203125 0.2203125 0.075 0.1125
0 0.00625 0.2765625 0.0125 0.04375
0 0.121875 0.13359375 0.07734375 0.10546875
0 0.11171875 0.0359375 0.0796875 0.071875
0 0.23828125 0.1046875 0.0875 0.11640625
0 0.26015625 0.03203125 0.0765625 0.0640625
0 0.4984375 0.0234375 0.07109375 0.04140625
0 0.5359375 0.8875 0.0671875 0.06484375
0 0.6484375 0.7765625 0.04453125 0.04453125
0 0.4265625 0.90234375 0.06953125 0.06640625
0 0.703125 0.8734375 0.06953125 0.08046875
0 0.04765625 0.0828125 0.0359375 0.0671875