0 0.11875 0.15078125 0.21875 0.20859375
0 0.06796875 0.3515625 0.1359375 0.2
0 0.05234375 0.5703125 0.10390625 0.240625
0 0.22109375 0.57734375 0.26328125 0.2578125
0 0.24765625 0.359375 0.2171875 0.2140625
0 0.46484375 0.3640625 0.2234375 0.19765625
0 0.675 0.359375 0.26796875 0.17109375
0 0.38203125 0.1484375 0.26484375 0.23515625
0 0.6171875 0.146875 0.23515625 0.1921875
0 0.79609375 0.15078125 0.1546875 0.16015625
0 0.2765625 0.0140625 0.1625 0.028125
0 0.50625 0.01484375 0.0875 0.0296875
0 0.75 0.021875 0.14609375 0.04375
0 0.96640625 0.10546875 0.0671875 0.11171875
0 0.89921875 0.54609375 0.2015625 0.2328125
0 0.67265625 0.5453125 0.24453125 0.21875
0 0.46796875 0.5671875 0.23203125 0.23515625
0 0.06796875 0.79765625 0.1359375 0.2171875
0 0.26875 0.815625 0.26484375 0.2109375
0 0.49296875 0.77109375 0.2703125 0.2046875
0 0.7484375 0.76875 0.23125 0.21171875
0 0.96875 0.85234375 0.0625 0.1234375
0 0.09765625 0.9515625 0.1953125 0.096875
0 0.32734375 0.9609375 0.2234375 0.078125
0 0.56171875 0.940625 0.2484375 0.11875
0 0.78515625 0.965625 0.1921875 0.06875
0 0.965625 0.9671875 0.06875 0.065625
0 0.95703125 0.01796875 0.0859375 0.0359375