0 0.0609375 0.0796875 0.121875 0.159375
0 0.2359375 0.0984375 0.22578125 0.196875
0 0.45546875 0.08828125 0.1890625 0.1765625
0 0.659375 0.09296875 0.1640625 0.18359375
0 0.85234375 0.0875 0.2421875 0.175
0 0.984375 0.0875 0.03125 0.14765625
0 0.865625 0.2796875 0.203125 0.18828125
0 0.39609375 0.25390625 0.1796875 0.1671875
0 0.16015625 0.2625 0.18203125 0.18125
0 0.07578125 0.41953125 0.1515625 0.2265625
0 0.2796875 0.43125 0.18515625 0.2234375
0 0.5046875 0.4546875 0.21171875 0.22265625
0 0.6875 0.4421875 0.14453125 0.15859375
0 0.90234375 0.453125 0.19453125 0.1765625
0 0.0515625 0.646875 0.10234375 0.16875
0 0.21015625 0.6609375 0.2046875 0.20859375
0 0.428125 0.66015625 0.19765625 0.1921875
0 0.6125 0.6484375 0.1265625 0.1234375
0 0.8765625 0.634375 0.246875 0.2
0 0.9421875 0.821875 0.115625 0.159375
0 0.93359375 0.9515625 0.1328125 0.096875
0 0.79765625 0.9578125 0.1609375 0.084375
0 0.7640625 0.809375 0.246875 0.190625
0 0.52734375 0.83125 0.18046875 0.1625
0 0.6 0.96953125 0.2 0.0609375
0 0.36484375 0.965625 0.1390625 0.06875
0 0.27265625 0.83984375 0.17890625 0.15546875
0 0.1265625 0.95078125 0.2 0.0984375
0 0.06015625 0.828125 0.1203125 0.17578125