0 0.29921875 0.13984375 0.15625 0.2203125
0 0.296875 0.05234375 0.14765625 0.1046875
0 0.48671875 0.0484375 0.1890625 0.096875
0 0.728125 0.15 0.11953125 0.171875
0 0.7078125 0.03125 0.1125 0.0625
0 0.84921875 0.04375 0.15859375 0.08671875
0 0.925 0.1421875 0.15 0.228125
0 0.9625 0.02421875 0.075 0.0484375
0 0.96796875 0.3484375 0.0640625 0.16875
0 0.96796875 0.509375 0.0640625 0.11640625
0 0.903125 0.68125 0.19375 0.19375
0 0.93359375 0.8796875 0.13203125 0.1640625
0 0.9171875 0.984375 0.1375 0.03125
0 0.7203125 0.8875 0.19921875 0.15625
0 0.67421875 0.69765625 0.1875 0.21171875
0 0.59375 0.5359375 0.17578125 0.1984375
0 0.79765625 0.48125 0.1546875 0.2296875
0 0.7875 0.33671875 0.203125 0.2109375
0 0.5625 0.29765625 0.20859375 0.26953125
0 0.49453125 0.196875 0.11796875 0.12421875
0 0.3796875 0.51015625 0.19453125 0.23671875
0 0.33203125 0.39140625 0.12265625 0.1640625
0 0.4296875 0.72890625 0.16953125 0.1859375
0 0.5015625 0.8953125 0.17421875 0.16875
0 0.48125 0.99296875 0.103125 0.0140625
0 0.25078125 0.93046875 0.1078125 0.10546875
0 0.075 0.8796875 0.15 0.240625
0 0.03359375 0.7296875 0.0671875 0.07734375
0 0.22734375 0.70703125 0.1828125 0.2296875
0 0.128125 0.5703125 0.1515625 0.18671875
0 0.13671875 0.3359375 0.24375 0.2578125
0 0.1171875 0.128125 0.1234375 0.171875
0 0.15625 0.02734375 0.07421875 0.0515625
0 0.0421875 0.02265625 0.06875 0.0453125