0 0.78984375 0.36953125 0.19453125 0.20546875
0 0.9421875 0.34140625 0.115625 0.1734375
0 0.578125 0.38359375 0.23125 0.23671875
0 0.36796875 0.3765625 0.165625 0.1828125
0 0.15390625 0.42421875 0.2453125 0.2375
0 0.25390625 0.79765625 0.221875 0.21796875
0 0.3484375 0.578125 0.20859375 0.225
0 0.553125 0.59921875 0.2203125 0.19609375
0 0.7734375 0.59453125 0.23203125 0.23125
0 0.9453125 0.50625 0.109375 0.14375
0 0.1140625 0.6546875 0.228125 0.215625
0 0.0578125 0.8609375 0.115625 0.2
0 0.14453125 0.94375 0.2265625 0.1125
0 0.3625 0.94140625 0.21796875 0.11640625
0 0.60234375 0.959375 0.1359375 0.08125
0 0.484375 0.8 0.22265625 0.20625
0 0.73359375 0.7921875 0.21171875 0.1984375
0 0.94296875 0.796875 0.1140625 0.19609375
0 0.9421875 0.6328125 0.115625 0.128125
0 0.9859375 0.9609375 0.025 0.078125
0 0.8515625 0.934375 0.196875 0.13125
0 0.0828125 0.04921875 0.13515625 0.09609375
0 0.203125 0.17265625 0.2421875 0.20078125
0 0.2921875 0.0390625 0.1609375 0.078125
0 0.41953125 0.16484375 0.121875 0.16640625
0 0.53359375 0.040625 0.1703125 0.08125
0 0.659375 0.16875 0.2171875 0.19375
0 0.790625 0.05859375 0.24375 0.1171875
0 0.89453125 0.16328125 0.21015625 0.1796875
0 0.98984375 0.01953125 0.0203125 0.0390625