0 0.7828125 0.56015625 0.284375 0.1890625
0 0.515625 0.5609375 0.2421875 0.20859375
0 0.28046875 0.57265625 0.23359375 0.19375
0 0.05390625 0.3875 0.1078125 0.221875
0 0.23828125 0.3703125 0.2328125 0.19609375
0 0.46015625 0.3671875 0.2046875 0.1640625
0 0.68671875 0.359375 0.203125 0.2
0 0.8828125 0.35859375 0.19453125 0.14921875
0 0.9171875 0.521875 0.165625 0.1625
0 0.08046875 0.7859375 0.1609375 0.209375
0 0.07578125 0.9421875 0.1515625 0.115625
0 0.22265625 0.7625 0.15703125 0.18515625
0 0.34765625 0.76484375 0.1875 0.1953125
0 0.503125 0.7625 0.1578125 0.14375
0 0.75390625 0.74765625 0.21328125 0.15859375
0 0.29375 0.93515625 0.2671875 0.1296875
0 0.5 0.91953125 0.19609375 0.1609375
0 0.740625 0.91953125 0.26875 0.1609375
0 0.93515625 0.83828125 0.1296875 0.1265625
0 0.93046875 0.94453125 0.1390625 0.1109375
0 0.87109375 0.15390625 0.25703125 0.1953125
0 0.9546875 0.2203125 0.090625 0.09375
0 0.88359375 0.03125 0.1515625 0.0625
0 0.66640625 0.034375 0.19375 0.06875
0 0.6 0.1515625 0.2578125 0.16796875
0 0.47421875 0.04765625 0.15078125 0.0953125
0 0.27265625 0.0453125 0.21640625 0.090625
0 0.36484375 0.16640625 0.17109375 0.17109375
0 0.15703125 0.18203125 0.25234375 0.171875
0 0.07890625 0.05078125 0.1578125 0.1015625