0 0.15546875 0.05234375 0.20625 0.1046875
0 0.13046875 0.20078125 0.19921875 0.19765625
0 0.0609375 0.39296875 0.11875 0.17578125
0 0.0421875 0.59296875 0.084375 0.1890625
0 0.0828125 0.821875 0.165625 0.1875
0 0.096875 0.96328125 0.1109375 0.07265625
0 0.2984375 0.959375 0.1625 0.08125
0 0.34140625 0.7875 0.196875 0.203125
0 0.17890625 0.58359375 0.18515625 0.19921875
0 0.29453125 0.40546875 0.19765625 0.22109375
0 0.38046875 0.21875 0.15390625 0.1625
0 0.36015625 0.06015625 0.16953125 0.1203125
0 0.6078125 0.04375 0.2 0.0859375
0 0.61796875 0.18125 0.23671875 0.18359375
0 0.5296875 0.4015625 0.2109375 0.2125
0 0.76484375 0.375 0.23125 0.1734375
0 0.853125 0.18359375 0.22109375 0.175
0 0.81640625 0.05 0.18125 0.0984375
0 0.95703125 0.06015625 0.08515625 0.1203125
0 0.94140625 0.38515625 0.11640625 0.19921875
0 0.5890625 0.58203125 0.1765625 0.15625
0 0.8140625 0.57421875 0.203125 0.221875
0 0.96640625 0.73046875 0.0671875 0.08984375
0 0.965625 0.8140625 0.06875 0.059375
0 0.78203125 0.95234375 0.26015625 0.0953125
0 0.53203125 0.9578125 0.2046875 0.084375
0 0.55390625 0.7984375 0.2046875 0.20234375
0 0.80859375 0.80390625 0.24609375 0.23046875
0 0.95625 0.9515625 0.0875 0.096875