0 0.09140625 0.078125 0.18203125 0.15625
0 0.29765625 0.08203125 0.2171875 0.16171875
0 0.50703125 0.07265625 0.19296875 0.1453125
0 0.6875 0.10703125 0.2328125 0.165625
0 0.903125 0.03671875 0.19375 0.0734375
0 0.89296875 0.12890625 0.21328125 0.1109375
0 0.97421875 0.2609375 0.0515625 0.1125
0 0.94921875 0.4234375 0.10078125 0.15703125
0 0.8 0.41875 0.2140625 0.1671875
0 0.5859375 0.425 0.2234375 0.19375
0 0.37734375 0.4453125 0.1890625 0.12421875
0 0.5765625 0.24609375 0.153125 0.13515625
0 0.390625 0.24921875 0.24453125 0.21484375
0 0.13671875 0.25859375 0.23984375 0.18828125
0 0.1453125 0.45859375 0.2375 0.17265625
0 0.08203125 0.6375 0.1640625 0.178125
0 0.32109375 0.59921875 0.2515625 0.19609375
0 0.53671875 0.62578125 0.2 0.20703125
0 0.66328125 0.6328125 0.0796875 0.121875
0 0.9 0.603125 0.2 0.184375
0 0.8859375 0.76640625 0.228125 0.1609375
0 0.89140625 0.92578125 0.2171875 0.1484375
0 0.66328125 0.8125 0.21328125 0.13984375
0 0.68515625 0.9515625 0.2109375 0.096875
0 0.4890625 0.959375 0.140625 0.08125
0 0.43125 0.8296875 0.1734375 0.1625
0 0.234375 0.803125 0.27265625 0.20078125
0 0.03203125 0.7953125 0.0640625 0.1125
0 0.0703125 0.9484375 0.140625 0.103125
0 0.27734375 0.94765625 0.275 0.10390625