0 0.840625 0.790625 0.2421875 0.26875
0 0.96875 0.8078125 0.0625 0.246875
0 0.84375 0.02265625 0.159375 0.0453125
0 0.309375 0.046875 0.25625 0.09375
0 0.0890625 0.04140625 0.178125 0.0828125
0 0.0828125 0.234375 0.165625 0.215625
0 0.27890625 0.23671875 0.2625 0.20390625
0 0.5515625 0.1890625 0.234375 0.228125
0 0.76796875 0.14296875 0.18984375 0.20703125
0 0.81015625 0.32421875 0.21171875 0.15703125
0 0.534375 0.409375 0.22890625 0.2078125
0 0.29140625 0.41484375 0.22578125 0.19609375
0 0.0875 0.440625 0.175 0.22578125
0 0.04609375 0.66328125 0.09140625 0.13984375
0 0.2203125 0.66640625 0.23046875 0.27890625
0 0.09296875 0.9765625 0.125 0.046875
0 0.54140625 0.9296875 0.165625 0.140625
0 0.53359375 0.61328125 0.18515625 0.18671875
0 0.76171875 0.5796875 0.20546875 0.2421875
0 0.95859375 0.5828125 0.0828125 0.15
0 0.77734375 0.9625 0.1578125 0.075