0 0.08203125 0.3421875 0.1640625 0.221875
0 0.028125 0.04765625 0.05625 0.0953125
0 0.15859375 0.034375 0.15 0.06875
0 0.30390625 0.15 0.27265625 0.2921875
0 0.48515625 0.10625 0.14375 0.1703125
0 0.7375 0.07265625 0.19375 0.1453125
0 0.5828125 0.2609375 0.24609375 0.2296875
0 0.83203125 0.196875 0.24140625 0.1953125
0 0.95625 0.0859375 0.0875 0.165625
0 0.9453125 0.240625 0.109375 0.1390625
0 0.92265625 0.4390625 0.1546875 0.2375
0 0.6875 0.4390625 0.31875 0.26796875
0 0.046875 0.70234375 0.09375 0.18125
0 0.05234375 0.8828125 0.1046875 0.16875
0 0.20859375 0.70625 0.22109375 0.18828125
0 0.21953125 0.88359375 0.203125 0.18515625
0 0.18828125 0.98671875 0.1125 0.02578125
0 0.415625 0.97421875 0.2328125 0.0515625
0 0.63671875 0.96640625 0.1890625 0.0671875
0 0.84921875 0.97734375 0.1578125 0.0453125
0 0.9796875 0.9609375 0.0375 0.078125
0 0.89296875 0.83828125 0.21328125 0.190625
0 0.6359375 0.8484375 0.21875 0.18515625
0 0.41328125 0.8625 0.18046875 0.14921875
0 0.509375 0.68515625 0.215625 0.1984375
0 0.91328125 0.6453125 0.1734375 0.175