0 0.29453125 0.17109375 0.20234375 0.21171875
0 0.2640625 0.38203125 0.153125 0.159375
0 0.059375 0.2 0.11875 0.17109375
0 0.06640625 0.06015625 0.1328125 0.1203125
0 0.5375 0.1 0.2265625 0.2
0 0.73359375 0.1359375 0.1296875 0.1390625
0 0.953125 0.26640625 0.09375 0.20625
0 0.796875 0.38203125 0.21015625 0.25859375
0 0.4875 0.60625 0.196875 0.253125
0 0.18203125 0.9140625 0.27734375 0.171875
0 0.0203125 0.92265625 0.0390625 0.12421875
0 0.50390625 0.9453125 0.1453125 0.109375
0 0.76171875 0.95234375 0.20078125 0.0953125
0 0.93828125 0.9453125 0.1234375 0.109375
0 0.93125 0.7671875 0.1375 0.228125
0 0.721875 0.80078125 0.1921875 0.2234375
0 0.728125 0.6078125 0.2015625 0.2359375
0 0.92265625 0.5140625 0.1546875 0.275
0 0.2234375 0.63125 0.19765625 0.1390625