0 0.74609375 0.76015625 0.21953125 0.19765625
0 0.8671875 0.9375 0.221875 0.125
0 0.65625 0.965625 0.159375 0.06875
0 0.396875 0.96171875 0.1875 0.0765625
0 0.17890625 0.9765625 0.1734375 0.046875
0 0.09765625 0.8375 0.1953125 0.19375
0 0.30234375 0.83671875 0.253125 0.196875
0 0.503125 0.784375 0.25703125 0.20625
0 0.81875 0.57109375 0.20859375 0.18203125
0 0.5609375 0.5984375 0.22265625 0.17265625
0 0.28125 0.63828125 0.25625 0.1640625
0 0.05703125 0.63515625 0.1140625 0.1703125
0 0.06640625 0.4171875 0.1328125 0.1734375
0 0.20625 0.43046875 0.1765625 0.2
0 0.37421875 0.425 0.28828125 0.196875
0 0.72265625 0.4078125 0.12734375 0.125
0 0.87265625 0.353125 0.1953125 0.15234375
0 0.05390625 0.22734375 0.1078125 0.16875
0 0.253125 0.2453125 0.31640625 0.1875
0 0.5109375 0.23359375 0.22421875 0.1640625
0 0.75234375 0.18828125 0.2953125 0.1984375
0 0.93203125 0.16796875 0.13515625 0.2171875
0 0.4546875 0.0625 0.23046875 0.11953125
0 0.6890625 0.0578125 0.22578125 0.1078125
0 0.91171875 0.0140625 0.1140625 0.028125