0 0.1234375 0.3234375 0.121875 0.14453125
0 0.06796875 0.5578125 0.1359375 0.246875
0 0.06875 0.80078125 0.1375 0.2171875
0 0.06875 0.95625 0.1375 0.0875
0 0.3875 0.91328125 0.18984375 0.1734375
0 0.2625 0.78359375 0.21953125 0.253125
0 0.4921875 0.73203125 0.22109375 0.23671875
0 0.65703125 0.8953125 0.2296875 0.20859375
0 0.81796875 0.74609375 0.25234375 0.2828125
0 0.9140625 0.89140625 0.171875 0.2171875
0 0.94921875 0.20625 0.10078125 0.1546875
0 0.76328125 0.4515625 0.17421875 0.19375
0 0.53984375 0.48203125 0.190625 0.23203125
0 0.3015625 0.503125 0.23125 0.23671875
0 0.30078125 0.296875 0.17109375 0.12265625
0 0.2828125 0.1203125 0.203125 0.21796875
0 0.5703125 0.25625 0.20859375 0.20703125
0 0.54375 0.07890625 0.215625 0.1578125
0 0.79921875 0.07265625 0.2125 0.1453125
0 0.77421875 0.2359375 0.1828125 0.18046875
0 0.05546875 0.01953125 0.0796875 0.0390625