0 0.3921875 0.3625 0.20859375 0.1796875
0 0.4078125 0.53828125 0.21640625 0.2015625
0 0.22890625 0.56875 0.1515625 0.1375
0 0.09765625 0.771875 0.1953125 0.215625
0 0.0890625 0.940625 0.178125 0.115625
0 0.29921875 0.89765625 0.24609375 0.2046875
0 0.31796875 0.74375 0.26171875 0.209375
0 0.55703125 0.90390625 0.13125 0.10859375
0 0.56796875 0.73984375 0.1875 0.20703125
0 0.68046875 0.9734375 0.1609375 0.053125
0 0.76796875 0.890625 0.22421875 0.16796875
0 0.7640625 0.725 0.2046875 0.22890625
0 0.95859375 0.890625 0.0828125 0.196875
0 0.95078125 0.69609375 0.0984375 0.1921875
0 0.878125 0.521875 0.23125 0.2453125
0 0.63828125 0.54453125 0.175 0.17109375
0 0.6984375 0.3578125 0.17890625 0.2171875
0 0.62421875 0.15703125 0.203125 0.20703125
0 0.6671875 0.05390625 0.21953125 0.10546875
0 0.87265625 0.18046875 0.203125 0.29921875
0 0.9734375 0.26171875 0.053125 0.1703125
0 0.2078125 0.08125 0.209375 0.1625
0 0.07890625 0.35625 0.15390625 0.27421875
0 0.1875 0.39140625 0.128125 0.20078125
0 0.90859375 0.03125 0.09609375 0.0609375
0 0.45 0.0484375 0.15625 0.096875
0 0.425 0.14140625 0.10703125 0.11328125