0 0.57421875 0.06484375 0.2171875 0.1296875
0 0.78125 0.071875 0.19765625 0.14375
0 0.91875 0.02890625 0.0796875 0.05546875
0 0.3140625 0.1046875 0.33984375 0.209375
0 0.109375 0.1296875 0.21015625 0.18359375
0 0.07890625 0.334375 0.153125 0.171875
0 0.29296875 0.29609375 0.23984375 0.175
0 0.51875 0.25625 0.275 0.19296875
0 0.765625 0.26328125 0.321875 0.24296875
0 0.9609375 0.2625 0.078125 0.178125
0 0.95703125 0.4671875 0.08515625 0.1765625
0 0.8078125 0.45234375 0.2125 0.175
0 0.625 0.453125 0.1515625 0.165625
0 0.3203125 0.51171875 0.28125 0.22578125
0 0.1265625 0.6109375 0.253125 0.23359375
0 0.1046875 0.840625 0.20859375 0.2140625
0 0.1125 0.9546875 0.19375 0.090625
0 0.309375 0.81875 0.215625 0.16640625
0 0.3984375 0.71328125 0.18125 0.10625
0 0.7171875 0.63125 0.1375 0.16875
0 0.89140625 0.6859375 0.2171875 0.25
0 0.86953125 0.90546875 0.2453125 0.1890625
0 0.63515625 0.8875 0.2234375 0.225
0 0.37421875 0.90625 0.29375 0.1875