0 0.209375 0.21015625 0.19765625 0.2609375
0 0.03203125 0.2453125 0.0640625 0.175
0 0.0671875 0.07734375 0.134375 0.15390625
0 0.265625 0.05390625 0.17421875 0.1078125
0 0.45078125 0.06640625 0.15234375 0.1328125
0 0.559375 0.03984375 0.09140625 0.0796875
0 0.628125 0.0484375 0.04296875 0.09453125
0 0.73046875 0.0546875 0.1234375 0.109375
0 0.9015625 0.05 0.12109375 0.09765625
0 0.615625 0.20859375 0.1984375 0.20390625
0 0.85 0.3078125 0.20625 0.24375
0 0.99140625 0.38515625 0.0171875 0.08125
0 0.77265625 0.565625 0.1625 0.17109375
0 0.94140625 0.715625 0.11640625 0.1671875
0 0.96171875 0.91953125 0.0765625 0.1609375
0 0.81484375 0.890625 0.1890625 0.21875
0 0.68828125 0.7265625 0.153125 0.16171875
0 0.534375 0.56875 0.20859375 0.21171875
0 0.45625 0.73046875 0.18671875 0.2078125
0 0.559375 0.90625 0.2015625 0.1875
0 0.321875 0.92578125 0.21015625 0.14765625
0 0.1171875 0.928125 0.178125 0.14375
0 0.05234375 0.746875 0.10390625 0.22734375
0 0.22421875 0.75546875 0.2328125 0.19921875
0 0.14375 0.5875 0.18046875 0.15234375
0 0.321875 0.5515625 0.15390625 0.2140625