0 0.26640625 0.86875 0.18984375 0.20078125
0 0.05078125 0.9046875 0.1015625 0.190625
0 0.5125 0.83515625 0.20703125 0.228125
0 0.65234375 0.66171875 0.13515625 0.18515625
0 0.8796875 0.62890625 0.146875 0.16484375
0 0.42265625 0.9734375 0.1015625 0.053125
0 0.66484375 0.95078125 0.15703125 0.0984375
0 0.759375 0.8125 0.1953125 0.21015625
0 0.8828125 0.91953125 0.234375 0.1609375
0 0.9453125 0.76484375 0.109375 0.1796875
0 0.05 0.71796875 0.1 0.1953125
0 0.19296875 0.70390625 0.19140625 0.1828125
0 0.403125 0.6515625 0.1875 0.21875
0 0.53359375 0.44609375 0.1890625 0.2296875
0 0.75703125 0.421875 0.17109375 0.225
0 0.9375 0.3 0.125 0.21171875
0 0.7625 0.2453125 0.14296875 0.17265625
0 0.80078125 0.0828125 0.15078125 0.15703125
0 0.9765625 0.0734375 0.046875 0.14375
0 0.55703125 0.075 0.2265625 0.15
0 0.55 0.2375 0.25625 0.228125
0 0.290625 0.31484375 0.18125 0.240625
0 0.3140625 0.4859375 0.16953125 0.2171875
0 0.0921875 0.484375 0.184375 0.2453125
0 0.09453125 0.215625 0.1890625 0.31796875
0 0.1921875 0.0546875 0.175 0.109375
0 0.02265625 0.084375 0.0453125 0.084375
0 0.34296875 0.1296875 0.16484375 0.23046875