0 0.584375 0.63125 0.1546875 0.1671875
0 0.36796875 0.66875 0.24765625 0.23046875
0 0.12890625 0.66015625 0.178125 0.178125
0 0.98046875 0.5859375 0.03828125 0.14921875
0 0.10625 0.8984375 0.2125 0.203125
0 0.28125 0.91953125 0.13984375 0.1609375
0 0.8015625 0.953125 0.20625 0.09375
0 0.95625 0.959375 0.0875 0.08125
0 0.44921875 0.43359375 0.17734375 0.190625
0 0.20078125 0.4421875 0.18359375 0.21484375
0 0.0265625 0.44765625 0.053125 0.1828125
0 0.0765625 0.084375 0.153125 0.16875
0 0.13203125 0.2484375 0.18515625 0.1625
0 0.29296875 0.0609375 0.2234375 0.121875
0 0.37578125 0.2171875 0.2203125 0.2
0 0.54453125 0.0703125 0.2046875 0.140625
0 0.628125 0.21484375 0.1421875 0.18046875
0 0.78671875 0.03828125 0.14765625 0.07578125
0 0.925 0.015625 0.071875 0.03125
0 0.98046875 0.065625 0.03828125 0.109375
0 0.9796875 0.18515625 0.040625 0.0828125
0 0.85546875 0.190625 0.18828125 0.23203125
0 0.70390625 0.4203125 0.1671875 0.18203125
0 0.91796875 0.403125 0.16328125 0.215625