0 0.33359375 0.47734375 0.1953125 0.19609375
0 0.17578125 0.271875 0.1765625 0.1515625
0 0.01640625 0.2625 0.0328125 0.10546875
0 0.0921875 0.46484375 0.184375 0.1609375
0 0.57578125 0.43671875 0.275 0.18359375
0 0.859375 0.4015625 0.28125 0.175
0 0.796875 0.2984375 0.1234375 0.09453125
0 0.91171875 0.2 0.14609375 0.121875
0 0.96328125 0.06171875 0.07265625 0.078125
0 0.67578125 0.23984375 0.24921875 0.2015625
0 0.4328125 0.253125 0.23515625 0.2
0 0.14609375 0.078125 0.2390625 0.15625
0 0.38046875 0.075 0.2328125 0.15
0 0.61171875 0.06328125 0.22421875 0.125
0 0.8234375 0.05078125 0.1953125 0.10078125
0 0.13515625 0.68125 0.26171875 0.1953125
0 0.0671875 0.58359375 0.134375 0.096875
0 0.3 0.65859375 0.14375 0.14765625
0 0.528125 0.625 0.2953125 0.190625
0 0.803125 0.59921875 0.24921875 0.2328125
0 0.97109375 0.52734375 0.05703125 0.1125
0 0.94296875 0.6546875 0.1140625 0.125
0 0.01328125 0.92421875 0.02578125 0.08203125
0 0.22265625 0.9078125 0.2546875 0.184375
0 0.9453125 0.9453125 0.109375 0.109375