0 0.57734375 0.86328125 0.2546875 0.2078125
0 0.63359375 0.97578125 0.134375 0.0484375
0 0.3484375 0.9765625 0.21875 0.046875
0 0.1359375 0.890625 0.1640625 0.16015625
0 0.3375 0.86328125 0.215625 0.17265625
0 0.83984375 0.9609375 0.1921875 0.078125
0 0.98203125 0.83515625 0.0359375 0.14765625
0 0.85 0.8015625 0.2203125 0.19375
0 0.0453125 0.71015625 0.08984375 0.15625
0 0.24921875 0.64921875 0.23828125 0.19921875
0 0.484375 0.60859375 0.29375 0.203125
0 0.76953125 0.596875 0.225 0.20546875
0 0.9484375 0.5625 0.103125 0.215625
0 0.88828125 0.33828125 0.2234375 0.2078125
0 0.653125 0.38125 0.25234375 0.203125
0 0.40234375 0.4046875 0.2421875 0.22265625
0 0.228125 0.45234375 0.19296875 0.1890625
0 0.06875 0.459375 0.1375 0.165625
0 0.33984375 0.2 0.28828125 0.18828125
0 0.621875 0.1625 0.271875 0.1890625
0 0.85234375 0.1453125 0.21640625 0.15546875
0 0.15078125 0.02734375 0.1828125 0.0546875
0 0.3984375 0.03671875 0.175 0.07109375
0 0.646875 0.02734375 0.09765625 0.0515625
0 0.87421875 0.03828125 0.1640625 0.07578125