0 0.59296875 0.52109375 0.15859375 0.125
0 0.0390625 0.41328125 0.07734375 0.1671875
0 0.2359375 0.35703125 0.19921875 0.2265625
0 0.04765625 0.16875 0.0953125 0.221875
0 0.09609375 0.04609375 0.115625 0.0921875
0 0.2109375 0.16171875 0.184375 0.1625
0 0.325 0.04140625 0.14765625 0.08046875
0 0.46484375 0.128125 0.2375 0.21171875
0 0.58203125 0.0265625 0.07734375 0.053125
0 0.69296875 0.10625 0.2015625 0.1765625
0 0.53515625 0.3359375 0.21015625 0.21796875
0 0.73515625 0.32578125 0.14765625 0.203125
0 0.82578125 0.5171875 0.18359375 0.2078125
0 0.91796875 0.31171875 0.16328125 0.1640625
0 0.95859375 0.48828125 0.0828125 0.1765625
0 0.9703125 0.68671875 0.059375 0.1546875
0 0.9375 0.91953125 0.125 0.1484375
0 0.728125 0.93359375 0.17578125 0.13203125
0 0.509375 0.909375 0.246875 0.18125
0 0.26328125 0.93984375 0.21796875 0.11953125
0 0.06875 0.79765625 0.1375 0.1671875