0 0.1015625 0.1375 0.203125 0.225
0 0.2328125 0.03046875 0.13046875 0.05546875
0 0.44453125 0.0234375 0.1140625 0.046875
0 0.31875 0.13984375 0.1890625 0.1890625
0 0.57578125 0.12109375 0.21796875 0.19765625
0 0.8328125 0.12109375 0.21484375 0.20546875
0 0.75234375 0.0203125 0.06796875 0.040625
0 0.97421875 0.075 0.0515625 0.13359375
0 0.93515625 0.296875 0.1296875 0.2296875
0 0.6921875 0.2859375 0.2265625 0.16640625
0 0.471875 0.31171875 0.2265625 0.22109375
0 0.21484375 0.36484375 0.2625 0.2328125
0 0.01640625 0.3515625 0.0328125 0.1203125
0 0.10078125 0.57265625 0.2015625 0.221875
0 0.090625 0.77890625 0.18046875 0.1921875
0 0.33125 0.75078125 0.0609375 0.0671875
0 0.34765625 0.5765625 0.23359375 0.19921875
0 0.61484375 0.76328125 0.2328125 0.2265625
0 0.83046875 0.7328125 0.1875 0.18515625
0 0.934375 0.89609375 0.13125 0.2078125
0 0.85 0.52265625 0.25546875 0.21875
0 0.596875 0.546875 0.23359375 0.19453125
0 0.053125 0.959375 0.10625 0.08125