0 0.328125 0.32265625 0.19921875 0.18828125
0 0.5953125 0.32578125 0.203125 0.175
0 0.50703125 0.52265625 0.18828125 0.1859375
0 0.2796875 0.565625 0.17109375 0.15703125
0 0.084375 0.590625 0.12890625 0.1078125
0 0.19296875 0.73984375 0.25546875 0.21640625
0 0.115625 0.921875 0.203125 0.15625
0 0.4015625 0.85625 0.17578125 0.17265625
0 0.46328125 0.7078125 0.140625 0.13828125
0 0.61953125 0.88515625 0.20546875 0.20625
0 0.11484375 0.3703125 0.1765625 0.1640625
0 0.0578125 0.17265625 0.115625 0.2265625
0 0.2171875 0.16640625 0.2046875 0.17109375
0 0.0953125 0.0296875 0.096875 0.05390625
0 0.2671875 0.02265625 0.0578125 0.03984375
0 0.4140625 0.09765625 0.22578125 0.1953125
0 0.690625 0.09140625 0.21953125 0.1828125
0 0.90625 0.12109375 0.1875 0.1828125
0 0.8375 0.3078125 0.20625 0.17265625
0 0.98203125 0.3015625 0.0359375 0.103125
0 0.9515625 0.471875 0.096875 0.16796875
0 0.76953125 0.51796875 0.16484375 0.1671875
0 0.6484375 0.66796875 0.20078125 0.21953125
0 0.8734375 0.6765625 0.21640625 0.18828125
0 0.86953125 0.85703125 0.14296875 0.13203125
0 0.796875 0.96953125 0.09375 0.0609375