0 0.0765625 0.3046875 0.15078125 0.175
0 0.0359375 0.53515625 0.071875 0.21796875
0 0.04609375 0.77734375 0.09140625 0.17109375
0 0.05 0.93515625 0.1 0.1296875
0 0.0484375 0.021875 0.096875 0.04375
0 0.26171875 0.2734375 0.2203125 0.17734375
0 0.2046875 0.5109375 0.26171875 0.26328125
0 0.20703125 0.50546875 0.28125 0.278125
0 0.41796875 0.48203125 0.26015625 0.27421875
0 0.48828125 0.25234375 0.221875 0.2015625
0 0.6265625 0.4296875 0.18046875 0.2125
0 0.80234375 0.26796875 0.3015625 0.234375
0 0.86953125 0.4375 0.26015625 0.17890625
0 0.85703125 0.68203125 0.240625 0.23671875
0 0.940625 0.84453125 0.11875 0.1796875
0 0.78671875 0.87734375 0.221875 0.24453125
0 0.59296875 0.725 0.24375 0.23515625
0 0.5203125 0.878125 0.28125 0.24375
0 0.2703125 0.928125 0.25 0.14375
0 0.22890625 0.76796875 0.26875 0.21484375
0 0.490625 0.02109375 0.10390625 0.0421875