0 0.1078125 0.13203125 0.215625 0.1890625
0 0.02421875 0.29609375 0.0484375 0.0765625
0 0.0578125 0.5609375 0.115625 0.190625
0 0.08984375 0.95859375 0.17109375 0.0828125
0 0.98515625 0.91484375 0.0296875 0.0703125
0 0.96640625 0.084375 0.0671875 0.16875
0 0.35234375 0.12109375 0.17421875 0.171875
0 0.575 0.11171875 0.1734375 0.1734375
0 0.7921875 0.08046875 0.24375 0.15859375
0 0.18125 0.33671875 0.2515625 0.19921875
0 0.43046875 0.32109375 0.228125 0.20234375
0 0.6578125 0.30546875 0.17109375 0.165625
0 0.875 0.2625 0.20546875 0.1984375
0 0.92734375 0.45 0.1453125 0.20625
0 0.70625 0.48515625 0.16015625 0.16640625
0 0.4859375 0.54609375 0.21328125 0.18125
0 0.196875 0.56875 0.30078125 0.23984375
0 0.1 0.80390625 0.2 0.22734375
0 0.32109375 0.92734375 0.2796875 0.1453125
0 0.3515625 0.7578125 0.20078125 0.18125
0 0.6140625 0.74609375 0.18828125 0.21953125
0 0.87890625 0.725 0.215625 0.22265625
0 0.8390625 0.9171875 0.25 0.165625