0 0.0953125 0.08671875 0.18828125 0.1734375
0 0.3265625 0.0828125 0.21640625 0.16484375
0 0.534375 0.0625 0.1015625 0.08828125
0 0.06171875 0.28828125 0.1234375 0.2
0 0.24765625 0.271875 0.2140625 0.20859375
0 0.4875 0.23515625 0.259375 0.20078125
0 0.73125 0.18046875 0.23828125 0.2484375
0 0.96015625 0.04453125 0.0796875 0.0875
0 0.9296875 0.19609375 0.140625 0.1453125
0 0.93125 0.4140625 0.1375 0.16875
0 0.9765625 0.3375 0.046875 0.09375
0 0.784375 0.4140625 0.19921875 0.2328125
0 0.9234375 0.61640625 0.153125 0.2046875
0 0.9375 0.78515625 0.125 0.11953125
0 0.809375 0.82890625 0.3046875 0.23125
0 0.9234375 0.946875 0.153125 0.103125
0 0.4796875 0.87734375 0.271875 0.24453125
0 0.5578125 0.65 0.18203125 0.18359375
0 0.321875 0.66875 0.25 0.18203125
0 0.34296875 0.46640625 0.25 0.209375
0 0.08046875 0.47734375 0.1578125 0.1515625
0 0.103125 0.671875 0.18984375 0.17578125
0 0.078125 0.8953125 0.15625 0.209375
0 0.240625 0.8984375 0.2 0.203125
0 0.73515625 0.603125 0.13828125 0.128125