0 0.5078125 0.63203125 0.17578125 0.165625
0 0.26640625 0.62265625 0.21875 0.209375
0 0.08515625 0.65 0.16953125 0.18359375
0 0.08515625 0.85703125 0.16953125 0.16328125
0 0.2625 0.82421875 0.1953125 0.19765625
0 0.2765625 0.9671875 0.159375 0.065625
0 0.0625 0.9703125 0.125 0.059375
0 0.54296875 0.965625 0.1390625 0.06875
0 0.7890625 0.94921875 0.1609375 0.10078125
0 0.9265625 0.9578125 0.1125 0.084375
0 0.803125 0.78203125 0.18984375 0.1796875
0 0.50234375 0.3859375 0.1765625 0.19765625
0 0.2625 0.440625 0.159375 0.16875
0 0.05234375 0.46171875 0.1046875 0.1921875
0 0.08515625 0.26953125 0.16953125 0.184375
0 0.2828125 0.2390625 0.19375 0.2171875
0 0.16171875 0.0875 0.1796875 0.175
0 0.4265625 0.08125 0.19375 0.1625
0 0.65390625 0.06328125 0.16875 0.11796875
0 0.7578125 0.18203125 0.2125 0.2078125
0 0.85859375 0.03671875 0.1484375 0.0734375
0 0.9375 0.17109375 0.125 0.2171875
0 0.95234375 0.41328125 0.0953125 0.18828125
0 0.76796875 0.44453125 0.153125 0.13359375