0 0.16484375 0.6078125 0.19375 0.1875
0 0.0234375 0.7625 0.046875 0.1578125
0 0.05390625 0.9234375 0.1078125 0.15234375
0 0.259375 0.95390625 0.1375 0.0921875
0 0.23359375 0.8140625 0.209375 0.19921875
0 0.4296875 0.76171875 0.24609375 0.2265625
0 0.46484375 0.94140625 0.19140625 0.1171875
0 0.640625 0.91640625 0.18125 0.1671875
0 0.6390625 0.7171875 0.23046875 0.26171875
0 0.7125 0.6 0.15625 0.1640625
0 0.5421875 0.178125 0.196875 0.15234375
0 0.6734375 0.3875 0.15234375 0.1390625
0 0.08984375 0.0390625 0.1640625 0.078125
0 0.4296875 0.03828125 0.1875 0.0765625