0 0.0296875 0.03984375 0.05859375 0.0796875
0 0.1703125 0.06328125 0.2109375 0.1265625
0 0.56640625 0.05 0.17578125 0.1
0 0.66796875 0.19375 0.19921875 0.17578125
0 0.4546875 0.19609375 0.13671875 0.1546875
0 0.525 0.37890625 0.19921875 0.1953125
0 0.57734375 0.59296875 0.1890625 0.1859375
0 0.66796875 0.7578125 0.24609375 0.17578125
0 0.4765625 0.91640625 0.18125 0.1671875
0 0.296875 0.86875 0.203125 0.2109375
0 0.11875 0.921875 0.16796875 0.15625
0 0.0953125 0.69453125 0.190625 0.2578125
0 0.2390625 0.646875 0.13125 0.1640625
0 0.40703125 0.6703125 0.1890625 0.18359375
0 0.33984375 0.459375 0.19921875 0.21484375
0 0.14140625 0.45625 0.19375 0.2015625
0 0.03515625 0.503125 0.0703125 0.15
0 0.07890625 0.23828125 0.1578125 0.21484375
0 0.275 0.25703125 0.2265625 0.19375