0 0.1359375 0.46875 0.1703125 0.16015625
0 0.02265625 0.63125 0.0453125 0.140625
0 0.14453125 0.96171875 0.1078125 0.0765625
0 0.30390625 0.94140625 0.196875 0.1171875
0 0.50703125 0.93359375 0.19375 0.1328125
0 0.6828125 0.89453125 0.165625 0.1875
0 0.934375 0.67734375 0.13125 0.1921875
0 0.76875 0.64921875 0.1703125 0.178125
0 0.42265625 0.71796875 0.146875 0.178125
0 0.2046875 0.69140625 0.14453125 0.140625
0 0.34375 0.5421875 0.17578125 0.19375
0 0.56328125 0.60546875 0.1859375 0.19921875
0 0.69453125 0.5140625 0.146875 0.16796875
0 0.91640625 0.48046875 0.1671875 0.1703125
0 0.053125 0.259375 0.10546875 0.21484375
0 0.1890625 0.1484375 0.15234375 0.19921875
0 0.425 0.209375 0.1546875 0.17578125
0 0.54609375 0.0953125 0.1484375 0.190625
0 0.346875 0.05625 0.153125 0.1125
0 0.021875 0.0703125 0.04296875 0.140625
0 0.6953125 0.02265625 0.08203125 0.0453125
0 0.79609375 0.1 0.1625 0.1875
0 0.86640625 0.2515625 0.18125 0.1875
0 0.97109375 0.14609375 0.0578125 0.1921875
0 0.628125 0.31171875 0.1578125 0.1546875
0 0.46875 0.38671875 0.18359375 0.203125
0 0.2453125 0.39140625 0.1421875 0.1703125
0 0.94921875 0.96875 0.1015625 0.0625