0 0.05 0.21953125 0.1 0.146875
0 0.12109375 0.05390625 0.19921875 0.1078125
0 0.225 0.2640625 0.203125 0.2265625
0 0.08125 0.4046875 0.1578125 0.1484375
0 0.0453125 0.640625 0.08984375 0.18359375
0 0.15703125 0.634375 0.1234375 0.19140625
0 0.1 0.86015625 0.16015625 0.18125
0 0.1546875 0.984375 0.078125 0.03125
0 0.30078125 0.9734375 0.1390625 0.053125
0 0.24296875 0.80546875 0.11875 0.1234375
0 0.31640625 0.49609375 0.17578125 0.19140625
0 0.6859375 0.88359375 0.1875 0.15
0 0.7359375 0.94140625 0.109375 0.1171875
0 0.85859375 0.9015625 0.13125 0.1421875
0 0.9359375 0.915625 0.0078125 0.0078125
0 0.98046875 0.9390625 0.0390625 0.12109375
0 0.965625 0.83828125 0.06875 0.0734375
0 0.94140625 0.68671875 0.1171875 0.1890625
0 0.7828125 0.68046875 0.15234375 0.1625
0 0.61640625 0.7125 0.1625 0.18359375
0 0.53046875 0.50625 0.1859375 0.19921875
0 0.71015625 0.4859375 0.1578125 0.19140625
0 0.90234375 0.48828125 0.1953125 0.1796875
0 0.93828125 0.184375 0.1234375 0.18125
0 0.8296875 0.26640625 0.1796875 0.2046875
0 0.646875 0.2890625 0.19140625 0.21484375
0 0.4328125 0.30546875 0.18125 0.2015625
0 0.39453125 0.1 0.19921875 0.19140625
0 0.58203125 0.06953125 0.17578125 0.1390625