0 0.0234375 0.084375 0.046875 0.1484375
0 0.065625 0.2421875 0.13125 0.16015625
0 0.1078125 0.4296875 0.171875 0.203125
0 0.0453125 0.621875 0.08203125 0.1734375
0 0.09375 0.8046875 0.15625 0.19921875
0 0.021875 0.953125 0.04296875 0.09375
0 0.17890625 0.9609375 0.13125 0.078125
0 0.19375 0.65 0.19140625 0.21484375
0 0.26875 0.83203125 0.1578125 0.17578125
0 0.37890625 0.9703125 0.12890625 0.05859375
0 0.71015625 0.96484375 0.1390625 0.0703125
0 0.49375 0.875 0.15625 0.19140625
0 0.659375 0.8 0.18125 0.228125
0 0.8046875 0.7078125 0.12890625 0.209375
0 0.86328125 0.90625 0.21484375 0.1875
0 0.95859375 0.8390625 0.0828125 0.178125
0 0.93125 0.646875 0.13671875 0.2421875
0 0.91171875 0.4109375 0.1765625 0.19375
0 0.58984375 0.5578125 0.16015625 0.178125
0 0.43828125 0.65625 0.1546875 0.1796875
0 0.38203125 0.4671875 0.178125 0.203125
0 0.4859375 0.35546875 0.16796875 0.1796875
0 0.66328125 0.29296875 0.178125 0.19140625
0 0.815625 0.21875 0.1734375 0.1953125
0 0.9546875 0.2234375 0.08984375 0.1421875
0 0.91484375 0.07421875 0.1703125 0.1484375
0 0.5546875 0.07890625 0.16015625 0.1546875
0 0.7375 0.05859375 0.1546875 0.11328125
0 0.20390625 0.0796875 0.1796875 0.159375