0 0.11875 0.41796875 0.13671875 0.14453125
0 0.29375 0.43359375 0.1578125 0.16796875
0 0.51953125 0.4375 0.19921875 0.1875
0 0.6875 0.40703125 0.18359375 0.1734375
0 0.8875 0.315625 0.178125 0.18125
0 0.96875 0.23515625 0.0625 0.178125
0 0.94296875 0.065625 0.1140625 0.13125
0 0.7796875 0.09453125 0.19921875 0.1890625
0 0.60078125 0.15546875 0.1859375 0.2328125
0 0.53984375 0.0328125 0.1546875 0.065625
0 0.34765625 0.04609375 0.15625 0.0921875
0 0.15 0.065625 0.1953125 0.13125
0 0.0125 0.0375 0.025 0.07421875
0 0.06875 0.2140625 0.13671875 0.2203125
0 0.23828125 0.225 0.17578125 0.171875
0 0.37421875 0.18359375 0.1546875 0.1796875
0 0.08125 0.771875 0.1625 0.2265625
0 0.12265625 0.9421875 0.1984375 0.115625
0 0.31171875 0.890625 0.165625 0.21875
0 0.48046875 0.88203125 0.15625 0.1859375
0 0.65703125 0.85234375 0.18125 0.178125
0 0.5515625 0.9734375 0.115625 0.053125
0 0.903125 0.83515625 0.19375 0.2109375
0 0.934375 0.52265625 0.13125 0.2109375
0 0.96640625 0.6953125 0.0671875 0.13125
0 0.7921875 0.60625 0.178125 0.196875
0 0.61328125 0.6359375 0.19140625 0.19375
0 0.396875 0.6375 0.1953125 0.209375
0 0.184375 0.61328125 0.1625 0.171875