0 0.1 0.2734375 0.16015625 0.1484375
0 0.17265625 0.171875 0.1578125 0.171875
0 0.421875 0.07734375 0.19921875 0.1546875
0 0.596875 0.1078125 0.165625 0.171875
0 0.7078125 0.0109375 0.1546875 0.021875
0 0.9203125 0.08828125 0.159375 0.1765625
0 0.378125 0.25078125 0.1234375 0.1265625
0 0.015625 0.478125 0.03125 0.10546875
0 0.10078125 0.50625 0.165625 0.16796875
0 0.24296875 0.37890625 0.1703125 0.14453125
0 0.06875 0.68671875 0.12890625 0.1578125
0 0.16875 0.6859375 0.0765625 0.1171875
0 0.29296875 0.61328125 0.203125 0.19140625
0 0.39140625 0.49375 0.1234375 0.1484375
0 0.58203125 0.509375 0.23828125 0.234375
0 0.76484375 0.51171875 0.1234375 0.14453125
0 0.86328125 0.33671875 0.15625 0.228125
0 0.946875 0.2828125 0.10546875 0.171875
0 0.934375 0.52109375 0.13125 0.1671875
0 0.68125 0.6640625 0.16015625 0.1640625
0 0.85859375 0.7328125 0.209375 0.22265625
0 0.91484375 0.93125 0.1703125 0.1375
0 0.7453125 0.9140625 0.2171875 0.171875
0 0.54609375 0.87109375 0.178125 0.1953125
0 0.4140625 0.94296875 0.178125 0.1140625
0 0.26484375 0.8765625 0.1421875 0.1484375
0 0.34453125 0.7875 0.1578125 0.16796875
0 0.196875 0.02734375 0.06640625 0.0546875