0 0.084375 0.53125 0.16796875 0.1875
0 0.22734375 0.58671875 0.1390625 0.18125
0 0.05546875 0.92734375 0.1109375 0.1453125
0 0.2 0.915625 0.165625 0.16796875
0 0.36796875 0.878125 0.178125 0.196875
0 0.4171875 0.978125 0.13125 0.04296875
0 0.5515625 0.865625 0.1734375 0.140625
0 0.59765625 0.9859375 0.05078125 0.02734375
0 0.059375 0.759375 0.11875 0.19140625
0 0.3234375 0.72265625 0.1421875 0.13671875
0 0.421875 0.62578125 0.19140625 0.1625
0 0.57421875 0.56875 0.109375 0.08203125
0 0.678125 0.79609375 0.12890625 0.15
0 0.78828125 0.7671875 0.178125 0.1796875
0 0.8890625 0.9421875 0.153125 0.115625
0 0.9765625 0.8484375 0.046875 0.0796875
0 0.0296875 0.334375 0.05859375 0.1328125
0 0.1484375 0.35 0.16796875 0.1484375
0 0.375 0.46875 0.1953125 0.171875
0 0.653125 0.37578125 0.1578125 0.1734375
0 0.7328125 0.5484375 0.1640625 0.1484375
0 0.853125 0.46484375 0.1640625 0.14453125
0 0.97421875 0.44921875 0.0515625 0.1578125
0 0.1140625 0.15625 0.225 0.18359375
0 0.0484375 0.0328125 0.096875 0.065625
0 0.1703125 0.065625 0.1171875 0.13125
0 0.278125 0.07890625 0.103125 0.1578125
0 0.321875 0.2828125 0.16015625 0.171875
0 0.42109375 0.16875 0.1421875 0.1421875
0 0.47734375 0.04609375 0.1 0.0921875
0 0.5921875 0.1953125 0.140625 0.140625
0 0.721875 0.11875 0.165625 0.171875
0 0.875 0.07109375 0.1328125 0.1421875
0 0.915625 0.2703125 0.16796875 0.19375
0 0.59296875 0.04609375 0.0953125 0.0921875