0 0.07890625 0.10234375 0.1578125 0.19375
0 0.203125 0.096875 0.18359375 0.15
0 0.1 0.3375 0.1796875 0.16796875
0 0.0578125 0.5 0.115625 0.1484375
0 0.25 0.7046875 0.1171875 0.1328125
0 0.0453125 0.815625 0.08984375 0.1390625
0 0.0578125 0.9453125 0.115625 0.109375
0 0.2046875 0.978125 0.17578125 0.04296875
0 0.159375 0.86640625 0.13125 0.134375
0 0.2953125 0.884375 0.18359375 0.21875
0 0.5015625 0.975 0.109375 0.05
0 0.68203125 0.9265625 0.1734375 0.146875
0 0.8796875 0.9125 0.134375 0.14453125
0 0.97109375 0.928125 0.0578125 0.14375
0 0.94140625 0.7359375 0.1171875 0.18359375
0 0.790625 0.703125 0.171875 0.1875
0 0.5796875 0.73828125 0.1640625 0.16796875
0 0.46015625 0.78984375 0.196875 0.178125
0 0.41875 0.6359375 0.0953125 0.0875
0 0.5359375 0.528125 0.1546875 0.1421875
0 0.71953125 0.51953125 0.0875 0.09765625
0 0.884375 0.51875 0.1328125 0.13125
0 0.9765625 0.5859375 0.046875 0.1328125
0 0.9609375 0.37578125 0.078125 0.11875
0 0.9203125 0.184375 0.159375 0.203125
0 0.82890625 0.278125 0.134375 0.1265625
0 0.66015625 0.33984375 0.1640625 0.16015625
0 0.4484375 0.34453125 0.165625 0.1703125
0 0.31171875 0.44921875 0.1546875 0.1640625
0 0.18828125 0.50078125 0.13125 0.1234375
0 0.22578125 0.2640625 0.146875 0.171875
0 0.37421875 0.1703125 0.178125 0.17578125
0 0.5921875 0.1453125 0.16015625 0.1625
0 0.7421875 0.1015625 0.1484375 0.14453125
0 0.86875 0.04765625 0.14453125 0.084375
0 0.36015625 0.03984375 0.13125 0.0796875