0 0.29765625 0.6125 0.1734375 0.165625
0 0.16484375 0.7359375 0.1234375 0.12890625
0 0.05390625 0.8484375 0.1078125 0.15
0 0.0671875 0.9859375 0.05625 0.02734375
0 0.19296875 0.94609375 0.1203125 0.1078125
0 0.3390625 0.93125 0.18125 0.13671875
0 0.3890625 0.8328125 0.16015625 0.1546875
0 0.5421875 0.79765625 0.178125 0.196875
0 0.6046875 0.959375 0.175 0.08125
0 0.7984375 0.890625 0.14453125 0.15234375
0 0.93046875 0.9015625 0.1390625 0.175
0 0.8578125 0.675 0.13671875 0.15
0 0.97109375 0.6 0.0578125 0.128125
0 0.68671875 0.6734375 0.13125 0.1484375
0 0.384375 0.3109375 0.15625 0.16015625
0 0.2234375 0.3484375 0.1625 0.1703125
0 0.0609375 0.459375 0.12109375 0.18359375
0 0.609375 0.43046875 0.14453125 0.1734375
0 0.759375 0.46484375 0.16015625 0.18359375
0 0.92734375 0.421875 0.1453125 0.18125
0 0.8390625 0.22734375 0.1625 0.165625
0 0.9671875 0.1953125 0.065625 0.15
0 0.3234375 0.16015625 0.1390625 0.140625
0 0.46875 0.0625 0.13671875 0.125
0 0.61640625 0.0671875 0.1578125 0.134375
0 0.1140625 0.17109375 0.228125 0.2125
0 0.23125 0.01953125 0.06875 0.0390625
0 0.6796875 0.2703125 0.171875 0.178125
0 0.078125 0.034375 0.15625 0.06875