0 0.090625 0.1328125 0.18125 0.1875
0 0.2796875 0.103125 0.1953125 0.17578125
0 0.425 0.0640625 0.171875 0.128125
0 0.58671875 0.0765625 0.1859375 0.15234375
0 0.4671875 0.209375 0.14453125 0.15625
0 0.18046875 0.3171875 0.196875 0.1578125
0 0.0421875 0.328125 0.084375 0.14453125
0 0.26171875 0.5078125 0.1328125 0.1328125
0 0.43828125 0.46171875 0.18125 0.1859375
0 0.53828125 0.35625 0.103125 0.103125
0 0.653125 0.271875 0.1859375 0.1875
0 0.91015625 0.14765625 0.1796875 0.1890625
0 0.97734375 0.33828125 0.0453125 0.1109375
0 0.83203125 0.33515625 0.19140625 0.2125
0 0.603125 0.51640625 0.15625 0.1578125
0 0.74296875 0.478125 0.11875 0.1328125
0 0.89921875 0.484375 0.2015625 0.165625
0 0.82734375 0.64765625 0.1 0.1390625
0 0.9265625 0.6984375 0.1109375 0.1578125
0 0.984375 0.62109375 0.03125 0.06640625
0 0.95859375 0.80703125 0.0828125 0.1421875
0 0.7359375 0.9359375 0.190625 0.128125
0 0.553125 0.88125 0.17578125 0.16015625
0 0.6609375 0.73515625 0.2015625 0.196875
0 0.378125 0.86796875 0.1625 0.13125
0 0.0203125 0.9015625 0.040625 0.0875
0 0.8984375 0.01953125 0.0703125 0.0390625