0 0.02421875 0.05859375 0.0484375 0.1171875
0 0.14921875 0.0890625 0.1734375 0.178125
0 0.31171875 0.05390625 0.1421875 0.1078125
0 0.5921875 0.1359375 0.1796875 0.18125
0 0.8609375 0.32109375 0.19140625 0.225
0 0.10078125 0.45234375 0.1703125 0.2015625
0 0.05390625 0.2203125 0.1078125 0.1796875
0 0.2125 0.2734375 0.15625 0.1796875
0 0.403125 0.24296875 0.18125 0.196875
0 0.2859375 0.5140625 0.1890625 0.21875
0 0.4515625 0.43359375 0.1875 0.20703125
0 0.6453125 0.3984375 0.2171875 0.21484375
0 0.87578125 0.515625 0.1859375 0.1875
0 0.73125 0.6078125 0.2015625 0.20703125
0 0.91796875 0.7359375 0.1640625 0.21484375
0 0.96484375 0.921875 0.0703125 0.15625
0 0.65625 0.95546875 0.15 0.0890625
0 0.609375 0.82421875 0.1796875 0.1640625
0 0.54296875 0.6546875 0.17578125 0.21875
0 0.446875 0.9 0.1875 0.19921875
0 0.2359375 0.90078125 0.20625 0.1984375
0 0.06328125 0.8578125 0.1265625 0.21875
0 0.03125 0.64375 0.0625 0.196875
0 0.8375 0.96953125 0.10625 0.0609375