0 0.440625 0.30625 0.225 0.19921875
0 0.221875 0.27265625 0.18125 0.1859375
0 0.10078125 0.01875 0.0796875 0.0375
0 0.046875 0.184375 0.09375 0.178125
0 0.0859375 0.3625 0.171875 0.196875
0 0.04296875 0.67578125 0.0859375 0.1875
0 0.06640625 0.8359375 0.1328125 0.1328125
0 0.0734375 0.9609375 0.1421875 0.078125
0 0.33125 0.81328125 0.2515625 0.2640625
0 0.575 0.7046875 0.1421875 0.14453125
0 0.4578125 0.49375 0.1 0.09765625
0 0.41484375 0.95390625 0.2109375 0.0921875
0 0.31875 0.0953125 0.1015625 0.08984375
0 0.1671875 0.58125 0.2015625 0.2125
0 0.2828125 0.47265625 0.19921875 0.19140625