0 0.09453125 0.40546875 0.1890625 0.2015625
0 0.028125 0.59453125 0.05625 0.1390625
0 0.08515625 0.815625 0.1703125 0.2046875
0 0.05078125 0.2046875 0.1015625 0.1796875
0 0.17890625 0.0421875 0.1625 0.084375
0 0.253125 0.165625 0.1546875 0.1484375
0 0.2828125 0.353125 0.18359375 0.16796875
0 0.165625 0.5796875 0.14453125 0.15625
0 0.24921875 0.76484375 0.1546875 0.1734375
0 0.325 0.95390625 0.13125 0.0921875
0 0.53828125 0.946875 0.1734375 0.10546875
0 0.7484375 0.95703125 0.13671875 0.0859375
0 0.92734375 0.95390625 0.1453125 0.0921875
0 0.98125 0.7671875 0.0375 0.20625
0 0.8734375 0.79296875 0.1796875 0.19921875
0 0.6859375 0.8265625 0.1875 0.21484375
0 0.4953125 0.7890625 0.196875 0.1875
0 0.35859375 0.55546875 0.1703125 0.165625
0 0.596875 0.61640625 0.1578125 0.1625
0 0.803125 0.5796875 0.1640625 0.1875
0 0.953125 0.5296875 0.09375 0.17578125
0 0.8703125 0.3 0.15 0.1625
0 0.97109375 0.22265625 0.0578125 0.2015625
0 0.7125 0.3765625 0.17578125 0.1953125
0 0.5546875 0.40703125 0.140625 0.15
0 0.4703125 0.2390625 0.203125 0.1734375
0 0.6625 0.16796875 0.16796875 0.171875
0 0.7625 0.0765625 0.134375 0.1484375
0 0.91796875 0.05625 0.1640625 0.1125
0 0.5609375 0.0375 0.1640625 0.07421875
0 0.39375 0.05859375 0.1421875 0.1171875