0 0.07890625 0.071875 0.1578125 0.14375
0 0.065625 0.334375 0.13125 0.203125
0 0.1828125 0.28046875 0.209375 0.19375
0 0.29765625 0.096875 0.2171875 0.19375
0 0.475 0.075 0.1328125 0.15
0 0.61640625 0.04609375 0.178125 0.0921875
0 0.8828125 0.090625 0.1171875 0.11875
0 0.984375 0.090625 0.03125 0.1578125
0 0.928125 0.2921875 0.14375 0.16875
0 0.6828125 0.19921875 0.2125 0.18359375
0 0.5390625 0.2890625 0.140625 0.1796875
0 0.36015625 0.3078125 0.2046875 0.1859375
0 0.2453125 0.478125 0.18125 0.17578125
0 0.0890625 0.5421875 0.1625 0.18125
0 0.0578125 0.8046875 0.115625 0.1875
0 0.08203125 0.9703125 0.1640625 0.05859375
0 0.1953125 0.7640625 0.16796875 0.16015625
0 0.41484375 0.87578125 0.115625 0.13125
0 0.2859375 0.925 0.053125 0.071875
0 0.49609375 0.7109375 0.16015625 0.1640625
0 0.3453125 0.67109375 0.14453125 0.1703125
0 0.590625 0.8765625 0.134375 0.15234375
0 0.9359375 0.89453125 0.128125 0.1859375
0 0.83671875 0.6515625 0.165625 0.19375
0 0.67109375 0.6921875 0.1734375 0.178125
0 0.94765625 0.48828125 0.1046875 0.1578125
0 0.753125 0.4109375 0.1890625 0.2015625
0 0.60234375 0.4765625 0.1625 0.16796875
0 0.4421875 0.5171875 0.146875 0.171875