0 0.2984375 0.1515625 0.140625 0.165625
0 0.1578125 0.1984375 0.0859375 0.1078125
0 0.053125 0.26484375 0.10546875 0.1890625
0 0.0875 0.07578125 0.175 0.1515625
0 0.63046875 0.103125 0.1984375 0.20625
0 0.85078125 0.17265625 0.1703125 0.1703125
0 0.94296875 0.08984375 0.1140625 0.1796875
0 0.978125 0.23046875 0.04296875 0.125
0 0.9703125 0.60625 0.05859375 0.1578125
0 0.92734375 0.91015625 0.1453125 0.1796875
0 0.8984375 0.7109375 0.16796875 0.1796875
0 0.775 0.91484375 0.159375 0.1703125
0 0.62578125 0.9296875 0.1421875 0.140625
0 0.5328125 0.7484375 0.15625 0.19921875
0 0.7078125 0.7234375 0.196875 0.2125
0 0.8234375 0.5015625 0.13125 0.1796875
0 0.7328125 0.3140625 0.21484375 0.21875
0 0.4140625 0.31171875 0.1328125 0.134375
0 0.08125 0.47265625 0.1625 0.16796875
0 0.0921875 0.90234375 0.140625 0.1796875
0 0.2359375 0.8640625 0.15234375 0.2015625
0 0.321875 0.97265625 0.10546875 0.0546875
0 0.40546875 0.859375 0.18125 0.21875
0 0.4703125 0.5234375 0.15625 0.20703125
0 0.62890625 0.521875 0.16796875 0.2109375
0 0.2859375 0.36484375 0.0703125 0.0953125