0 0.0578125 0.153125 0.115625 0.209375
0 0.13984375 0.05859375 0.1109375 0.1171875
0 0.040625 0.02421875 0.08125 0.0484375
0 0.071875 0.3828125 0.14375 0.203125
0 0.26953125 0.3890625 0.21484375 0.19140625
0 0.178125 0.21796875 0.15625 0.18125
0 0.37109375 0.18671875 0.15625 0.15
0 0.26640625 0.04609375 0.1234375 0.0921875
0 0.4609375 0.028125 0.140625 0.05625
0 0.5671875 0.0859375 0.2125 0.1484375
0 0.4828125 0.3046875 0.17578125 0.16796875
0 0.6578125 0.3015625 0.18359375 0.1703125
0 0.6421875 0.46484375 0.19921875 0.19921875
0 0.5203125 0.534375 0.11875 0.1859375
0 0.39375 0.596875 0.1859375 0.2046875
0 0.1734375 0.615625 0.2265625 0.2421875
0 0.025 0.64609375 0.05 0.1328125
0 0.02734375 0.959375 0.0546875 0.08125
0 0.17421875 0.9515625 0.2140625 0.096875
0 0.25 0.82890625 0.1640625 0.1546875
0 0.725 0.903125 0.2 0.19375
0 0.55 0.98515625 0.096875 0.0296875
0 0.728125 0.696875 0.15234375 0.17578125
0 0.60078125 0.7515625 0.1421875 0.17578125