0 0.07109375 0.09375 0.1421875 0.1796875
0 0.13125 0.28046875 0.16796875 0.19375
0 0.03984375 0.49375 0.0796875 0.17578125
0 0.08515625 0.67578125 0.1703125 0.1875
0 0.128125 0.8546875 0.1890625 0.2015625
0 0.01875 0.87578125 0.0375 0.115625
0 0.19765625 0.97890625 0.1265625 0.0421875
0 0.33515625 0.91953125 0.1578125 0.1609375
0 0.26640625 0.7109375 0.1625 0.203125
0 0.41015625 0.64453125 0.16796875 0.19140625
0 0.1921875 0.4640625 0.134375 0.1421875
0 0.32890625 0.453125 0.146875 0.16796875
0 0.50078125 0.453125 0.1734375 0.16796875
0 0.60078125 0.6328125 0.2046875 0.19140625
0 0.6546875 0.80625 0.15625 0.15234375
0 0.5671875 0.98125 0.109375 0.0375
0 0.73984375 0.95546875 0.1765625 0.0890625
0 0.92734375 0.97265625 0.1453125 0.0546875
0 0.88125 0.8515625 0.19921875 0.1953125
0 0.8 0.65234375 0.18125 0.20703125
0 0.96171875 0.62109375 0.0765625 0.1953125
0 0.9125 0.446875 0.175 0.1875
0 0.7328125 0.4140625 0.17578125 0.1953125
0 0.65625 0.203125 0.16796875 0.16796875
0 0.54765625 0.05 0.1703125 0.1
0 0.76484375 0.0484375 0.1890625 0.08984375
0 0.93984375 0.0453125 0.1203125 0.090625
0 0.97109375 0.21171875 0.0578125 0.1234375
0 0.85078125 0.23359375 0.1421875 0.1578125