0 0.94296875 0.40546875 0.1140625 0.1296875
0 0.975 0.61328125 0.05 0.1484375
0 0.8640625 0.7328125 0.134375 0.171875
0 0.946875 0.934375 0.10625 0.13125
0 0.67890625 0.775 0.165625 0.17578125
0 0.54609375 0.8734375 0.146875 0.15625
0 0.4734375 0.9765625 0.146875 0.046875
0 0.60078125 0.9828125 0.0703125 0.034375
0 0.41328125 0.88359375 0.1265625 0.1421875
0 0.4765625 0.6875 0.12890625 0.18359375
0 0.3125 0.721875 0.0859375 0.1546875
0 0.22890625 0.93046875 0.1703125 0.1390625
0 0.06796875 0.91640625 0.1359375 0.1671875
0 0.0546875 0.590625 0.109375 0.1546875
0 0.034375 0.7390625 0.0640625 0.1
0 0.28515625 0.5421875 0.140625 0.1734375
0 0.38359375 0.453125 0.165625 0.15625
0 0.6015625 0.4046875 0.1484375 0.14453125
0 0.6359375 0.56953125 0.1546875 0.1625
0 0.79296875 0.534375 0.14453125 0.1734375
0 0.8484375 0.1984375 0.178125 0.19375
0 0.9390625 0.03515625 0.12109375 0.0703125
0 0.98515625 0.16328125 0.0296875 0.1046875
0 0.790625 0.05 0.1640625 0.0953125
0 0.6296875 0.1484375 0.1625 0.17578125
0 0.48515625 0.19921875 0.178125 0.203125
0 0.328125 0.278125 0.1328125 0.1421875
0 0.1625 0.3765625 0.14453125 0.1640625
0 0.0203125 0.33203125 0.040625 0.0703125
0 0.10078125 0.20234375 0.146875 0.1625
0 0.06171875 0.0453125 0.1234375 0.08984375
0 0.2421875 0.06171875 0.15234375 0.1234375
0 0.39453125 0.04765625 0.1484375 0.0953125
0 0.56875 0.0171875 0.06875 0.034375