0 0.1078125 0.8 0.171875 0.1734375
0 0.22265625 0.72265625 0.140625 0.1484375
0 0.40703125 0.6515625 0.146875 0.196875
0 0.5640625 0.55625 0.203125 0.234375
0 0.73515625 0.4640625 0.134375 0.134375
0 0.896875 0.4171875 0.19140625 0.1890625
0 0.93515625 0.61796875 0.1296875 0.1734375
0 0.80078125 0.63671875 0.171875 0.1875
0 0.6765625 0.7453125 0.19375 0.2015625
0 0.478125 0.828125 0.15625 0.15625
0 0.32890625 0.85625 0.134375 0.1390625
0 0.1703125 0.946875 0.1484375 0.10546875
0 0.38984375 0.97890625 0.1046875 0.0421875
0 0.53515625 0.953125 0.16015625 0.09375
0 0.76015625 0.98671875 0.0890625 0.0265625
0 0.9296875 0.96640625 0.140625 0.0671875
0 0.8859375 0.82734375 0.196875 0.1890625
0 0.059375 0.60859375 0.115625 0.165625
0 0.153125 0.52421875 0.1703125 0.2125
0 0.35859375 0.4546875 0.146875 0.2265625
0 0.49921875 0.365625 0.1546875 0.16796875
0 0.690625 0.26640625 0.115625 0.1578125
0 0.81328125 0.24375 0.1234375 0.171875
0 0.95859375 0.2453125 0.0828125 0.14375
0 0.93046875 0.0859375 0.1390625 0.171875
0 0.74375 0.059375 0.1328125 0.11875
0 0.5734375 0.1 0.2125 0.19140625
0 0.453125 0.2015625 0.1484375 0.16796875
0 0.24609375 0.25859375 0.20703125 0.2015625
0 0.0828125 0.30859375 0.165625 0.1953125
0 0.05 0.1546875 0.0921875 0.140625
0 0.13671875 0.0234375 0.09375 0.046875