0 0.15625 0.5875 0.1828125 0.15234375
0 0.05546875 0.434375 0.1109375 0.17109375
0 0.02578125 0.621875 0.05078125 0.13359375
0 0.0921875 0.77265625 0.184375 0.1765625
0 0.0515625 0.92578125 0.10234375 0.14375
0 0.11875 0.98125 0.0625 0.0375
0 0.2203125 0.9046875 0.20625 0.190625
0 0.29140625 0.7484375 0.2046875 0.16796875
0 0.45546875 0.6640625 0.19921875 0.17265625
0 0.54296875 0.55625 0.20234375 0.14375
0 0.721875 0.47109375 0.2 0.18984375
0 0.690625 0.7078125 0.2515625 0.2140625
0 0.5875 0.8 0.1921875 0.16015625
0 0.44921875 0.9140625 0.20859375 0.171875
0 0.69921875 0.934375 0.2171875 0.13125
0 0.8546875 0.86796875 0.16796875 0.15625
0 0.98515625 0.77421875 0.0296875 0.1296875
0 0.88359375 0.6359375 0.16796875 0.16484375
0 0.98125 0.575 0.0375 0.08125
0 0.92734375 0.4640625 0.1453125 0.17265625
0 0.9375 0.26484375 0.125 0.1953125
0 0.95625 0.06875 0.084375 0.1375
0 0.834375 0.121875 0.19765625 0.17109375
0 0.71796875 0.0359375 0.1765625 0.071875
0 0.6171875 0.128125 0.2171875 0.18671875
0 0.58203125 0.309375 0.2015625 0.13359375
0 0.43515625 0.40703125 0.19453125 0.17265625
0 0.29140625 0.50703125 0.196875 0.18515625
0 0.12734375 0.3703125 0.15 0.17109375
0 0.23984375 0.26640625 0.24375 0.215625
0 0.41640625 0.159375 0.18515625 0.18515625
0 0.05625 0.2109375 0.1125 0.121875
0 0.14453125 0.1078125 0.15390625 0.1421875
0 0.03203125 0.0203125 0.06328125 0.040625
0 0.2703125 0.04609375 0.1890625 0.0921875
0 0.4828125 0.0296875 0.175 0.059375