0 0.01171875 0.08359375 0.0234375 0.0796875
0 0.16796875 0.09375 0.2 0.17109375
0 0.3765625 0.0859375 0.165625 0.1640625
0 0.6828125 0.07265625 0.178125 0.1421875
0 0.87109375 0.08671875 0.13203125 0.1453125
0 0.98046875 0.1453125 0.03828125 0.0921875
0 0.915625 0.26640625 0.13125 0.13359375
0 0.8796875 0.39296875 0.1578125 0.18671875
0 0.73828125 0.48359375 0.1671875 0.20078125
0 0.8453125 0.640625 0.16875 0.1453125
0 0.94453125 0.5609375 0.1109375 0.134375
0 0.95859375 0.80546875 0.0828125 0.15390625
0 0.925 0.9765625 0.1234375 0.046875
0 0.80859375 0.86171875 0.1859375 0.17265625
0 0.68671875 0.9578125 0.1484375 0.084375
0 0.5390625 0.98125 0.11875 0.0375
0 0.26796875 0.9703125 0.1640625 0.059375
0 0.39765625 0.875 0.190625 0.18515625
0 0.57734375 0.81484375 0.1578125 0.1734375
0 0.65390625 0.7140625 0.1640625 0.15859375
0 0.53984375 0.50546875 0.1765625 0.18515625
0 0.45078125 0.64453125 0.18828125 0.1765625
0 0.2625 0.7140625 0.1625 0.14140625
0 0.165625 0.85859375 0.19765625 0.1890625
0 0.05703125 0.94921875 0.1140625 0.1015625
0 0.05625 0.6828125 0.1125 0.165625
0 0.11171875 0.53984375 0.1765625 0.165625
0 0.3546875 0.49765625 0.1640625 0.165625
0 0.6140625 0.340625 0.16015625 0.1421875
0 0.76171875 0.2421875 0.19453125 0.21171875
0 0.43984375 0.32265625 0.15 0.17109375
0 0.040625 0.38125 0.08125 0.1859375
0 0.1046875 0.2296875 0.1875 0.16171875
0 0.2796875 0.2859375 0.16484375 0.19765625