0 0.11484375 0.06640625 0.2234375 0.1328125
0 0.24296875 0.14609375 0.1703125 0.1796875
0 0.38125 0.0484375 0.078125 0.0875
0 0.5765625 0.0640625 0.19375 0.128125
0 0.81640625 0.0640625 0.1734375 0.128125
0 0.97265625 0.06171875 0.0546875 0.1234375
0 0.72109375 0.19140625 0.1609375 0.1421875
0 0.92578125 0.21796875 0.1484375 0.2046875
0 0.0375 0.51953125 0.075 0.2171875
0 0.16328125 0.415625 0.1921875 0.234375
0 0.32421875 0.309375 0.1203125 0.14375
0 0.5109375 0.2515625 0.171875 0.184375
0 0.65859375 0.39296875 0.1234375 0.1578125
0 0.0609375 0.83046875 0.115625 0.1515625
0 0.18828125 0.73203125 0.1421875 0.1671875
0 0.3171875 0.684375 0.159375 0.21875
0 0.43203125 0.7421875 0.0765625 0.090625
0 0.60078125 0.68125 0.1484375 0.153125
0 0.74765625 0.5625 0.1171875 0.15625
0 0.9625 0.521875 0.075 0.178125
0 0.1609375 0.92109375 0.1625 0.1578125
0 0.3359375 0.9078125 0.134375 0.184375
0 0.546875 0.9296875 0.190625 0.140625
0 0.765625 0.86953125 0.184375 0.2171875
0 0.88984375 0.78203125 0.1765625 0.1671875
0 0.9296875 0.9796875 0.090625 0.040625
0 0.97421875 0.909375 0.0515625 0.1