0 0.07421875 0.809375 0.1484375 0.18125
0 0.128125 0.69296875 0.1625 0.17890625
0 0.2453125 0.6 0.12578125 0.13046875
0 0.5265625 0.44765625 0.19921875 0.190625
0 0.690625 0.3703125 0.140625 0.1296875
0 0.86796875 0.18515625 0.1625 0.140625
0 0.83984375 0.3421875 0.18671875 0.159375
0 0.1703125 0.9375 0.1625 0.125
0 0.2515625 0.85390625 0.18515625 0.17109375
0 0.39609375 0.73203125 0.15859375 0.115625
0 0.5375 0.71953125 0.13515625 0.16171875
0 0.65390625 0.60859375 0.175 0.13203125
0 0.7953125 0.51328125 0.19375 0.140625
0 0.921875 0.46875 0.10546875 0.08515625
0 0.9234375 0.05390625 0.153125 0.1015625
0 0.74140625 0.065625 0.13125 0.1234375
0 0.5921875 0.07421875 0.16796875 0.14296875
0 0.671875 0.215625 0.1 0.1
0 0.54921875 0.2390625 0.125 0.12109375
0 0.39375 0.29453125 0.19921875 0.17421875
0 0.10625 0.284375 0.18125 0.171875
0 0.0609375 0.1328125 0.121875 0.175
0 0.2375 0.13828125 0.18828125 0.18828125
0 0.365625 0.97734375 0.134375 0.0453125
0 0.51328125 0.92265625 0.1640625 0.1546875
0 0.66796875 0.871875 0.175 0.1515625
0 0.78125 0.76796875 0.159375 0.15625
0 0.91796875 0.65 0.16328125 0.13359375
0 0.95234375 0.8078125 0.0953125 0.13359375
0 0.94296875 0.9234375 0.10234375 0.10859375
0 0.821875 0.965625 0.228125 0.06875
0 0.26796875 0.45546875 0.21875 0.17890625