0 0.6765625 0.89453125 0.2 0.1859375
0 0.9140625 0.946875 0.171875 0.10625
0 0.8828125 0.8234375 0.234375 0.153125
0 0.75546875 0.6828125 0.1953125 0.175
0 0.9015625 0.6375 0.140625 0.15625
0 0.98203125 0.65546875 0.0359375 0.1703125
0 0.96796875 0.396875 0.0640625 0.165625
0 0.78515625 0.453125 0.2015625 0.190625
0 0.60546875 0.56015625 0.1640625 0.1390625
0 0.665625 0.28359375 0.1625 0.1703125
0 0.4890625 0.12265625 0.215625 0.1734375
0 0.6703125 0.0171875 0.09375 0.034375
0 0.87265625 0.12265625 0.2546875 0.2453125