0 0.0921875 0.0515625 0.178125 0.103125
0 0.04609375 0.14140625 0.0921875 0.1796875
0 0.2125 0.15234375 0.153125 0.1359375
0 0.30546875 0.02421875 0.1515625 0.0484375
0 0.0546875 0.678125 0.109375 0.1796875
0 0.0125 0.89140625 0.025 0.1140625
0 0.0890625 0.9890625 0.04375 0.02109375
0 0.25078125 0.95078125 0.1609375 0.0984375
0 0.23671875 0.6625 0.22578125 0.19921875
0 0.365625 0.815625 0.2 0.1796875
0 0.48828125 0.9546875 0.1203125 0.090625
0 0.68984375 0.93828125 0.2 0.1234375
0 0.90078125 0.92734375 0.1953125 0.1453125
0 0.77890625 0.828125 0.19453125 0.1765625
0 0.5578125 0.83046875 0.19453125 0.21171875
0 0.65234375 0.6546875 0.2046875 0.18671875
0 0.92265625 0.7578125 0.1546875 0.203125
0 0.95859375 0.596875 0.0828125 0.115625
0 0.89453125 0.45859375 0.18203125 0.16953125
0 0.809375 0.57109375 0.20703125 0.1484375
0 0.52421875 0.5 0.22421875 0.2078125
0 0.69609375 0.4203125 0.21875 0.22734375
0 0.80234375 0.30546875 0.1734375 0.13984375
0 0.9 0.1828125 0.2 0.2
0 0.74921875 0.05546875 0.171875 0.10234375
0 0.64375 0.16015625 0.221875 0.18359375
0 0.5296875 0.0375 0.18203125 0.07421875
0 0.4265625 0.11875 0.2 0.171875
0 0.37890625 0.31875 0.16484375 0.1890625
0 0.16796875 0.32734375 0.17734375 0.18671875
0 0.040625 0.48203125 0.08125 0.1
0 0.94296875 0.0171875 0.1140625 0.034375
0 0.29453125 0.4859375 0.1859375 0.18203125
0 0.41640625 0.6578125 0.190625 0.20234375