0 0.06171875 0.05859375 0.1234375 0.1171875
0 0.4421875 0.065625 0.128125 0.13125
0 0.69609375 0.05546875 0.1984375 0.1109375
0 0.86953125 0.0453125 0.1453125 0.090625
0 0.95390625 0.1375 0.0921875 0.178125
0 0.86484375 0.20234375 0.1890625 0.2171875
0 0.3203125 0.12265625 0.203125 0.2078125
0 0.0296875 0.2203125 0.059375 0.13125
0 0.16484375 0.2171875 0.1734375 0.18125
0 0.09296875 0.3578125 0.1078125 0.15
0 0.04296875 0.5046875 0.0859375 0.203125
0 0.075 0.90625 0.15 0.1875
0 0.2046875 0.98125 0.071875 0.0375
0 0.40625 0.9765625 0.134375 0.046875
0 0.63125 0.95546875 0.15625 0.0890625
0 0.846875 0.97578125 0.096875 0.0484375
0 0.7375 0.88203125 0.134375 0.1546875
0 0.49609375 0.87578125 0.1890625 0.1765625
0 0.59375 0.73515625 0.15625 0.1890625
0 0.85859375 0.74765625 0.1796875 0.1984375
0 0.9640625 0.70546875 0.071875 0.1859375
0 0.865625 0.51875 0.15625 0.1625
0 0.775 0.61171875 0.071875 0.1046875
0 0.9421875 0.36328125 0.115625 0.1203125
0 0.73203125 0.34609375 0.1703125 0.1609375
0 0.559375 0.48125 0.1875 0.2125
0 0.453125 0.55859375 0.165625 0.1796875
0 0.35234375 0.6890625 0.1578125 0.171875
0 0.12890625 0.66484375 0.1671875 0.1890625
0 0.203125 0.528125 0.153125 0.159375
0 0.2890625 0.4015625 0.153125 0.178125
0 0.4578125 0.29453125 0.196875 0.1984375
0 0.625 0.209375 0.146875 0.18125