0 0.040625 0.0421875 0.08125 0.084375
0 0.22109375 0.06484375 0.2015625 0.1296875
0 0.48984375 0.07734375 0.2328125 0.1546875
0 0.70546875 0.07109375 0.1921875 0.1421875
0 0.94375 0.096875 0.1125 0.1625
0 0.80625 0.18671875 0.13125 0.1265625
0 0.6328125 0.21484375 0.165625 0.1484375
0 0.47734375 0.3359375 0.2046875 0.196875
0 0.3671875 0.17578125 0.184375 0.1703125
0 0.25234375 0.31015625 0.17578125 0.1953125
0 0.02890625 0.184375 0.0578125 0.1359375
0 0.075 0.3390625 0.15 0.18125
0 0.05390625 0.5140625 0.1078125 0.20390625
0 0.103125 0.70546875 0.15859375 0.18984375
0 0.06328125 0.86953125 0.1265625 0.1609375
0 0.0359375 0.97578125 0.071875 0.0484375
0 0.1828125 0.9703125 0.146875 0.059375
0 0.2546875 0.865625 0.1859375 0.1890625
0 0.39296875 0.7140625 0.14375 0.16953125
0 0.2453125 0.5453125 0.20078125 0.22578125
0 0.4046875 0.503125 0.1484375 0.1765625
0 0.51953125 0.8984375 0.19296875 0.203125
0 0.525 0.640625 0.1640625 0.15625
0 0.675 0.9671875 0.096875 0.065625
0 0.81796875 0.94375 0.1796875 0.1125
0 0.96875 0.96171875 0.0625 0.0765625
0 0.8953125 0.83203125 0.16875 0.19296875
0 0.97109375 0.69921875 0.05703125 0.17734375
0 0.69296875 0.78359375 0.2296875 0.19609375
0 0.73203125 0.63203125 0.1546875 0.1234375
0 0.84453125 0.6796875 0.08984375 0.12109375
0 0.90390625 0.53984375 0.1921875 0.15625
0 0.615625 0.5046875 0.2171875 0.20859375
0 0.78671875 0.3515625 0.2015625 0.215625
0 0.94765625 0.37109375 0.10390625 0.18046875