0 0.09375 0.3125 0.1875 0.18125
0 0.315625 0.3109375 0.17421875 0.1625
0 0.559375 0.3328125 0.16171875 0.165625
0 0.82109375 0.32890625 0.1859375 0.15859375
0 0.953125 0.31015625 0.09375 0.1640625
0 0.6390625 0.1796875 0.165625 0.18046875
0 0.825 0.14921875 0.20703125 0.1703125
0 0.9140625 0.06953125 0.171875 0.1390625
0 0.6984375 0.03828125 0.16796875 0.07578125
0 0.5359375 0.0546875 0.15625 0.109375
0 0.2859375 0.05078125 0.175 0.1015625
0 0.4046875 0.159375 0.159375 0.14609375
0 0.1640625 0.14375 0.1890625 0.21171875
0 0.04921875 0.034375 0.09609375 0.06875
0 0.02421875 0.134375 0.0484375 0.125
0 0.07421875 0.5359375 0.1484375 0.20625
0 0.209375 0.4828125 0.14453125 0.1671875
0 0.4296875 0.45546875 0.19765625 0.153125
0 0.690625 0.490625 0.1625 0.17890625
0 0.9140625 0.46953125 0.171875 0.14375
0 0.95703125 0.63203125 0.08515625 0.1796875
0 0.83125 0.66640625 0.1546875 0.165625
0 0.93515625 0.81796875 0.1296875 0.15625
0 0.85625 0.9484375 0.1625 0.103125
0 0.7203125 0.80703125 0.16015625 0.175
0 0.70859375 0.9734375 0.0953125 0.053125
0 0.6109375 0.9171875 0.15 0.165625
0 0.46953125 0.796875 0.178125 0.1671875
0 0.57890625 0.63125 0.18984375 0.16875
0 0.43359375 0.94375 0.1265625 0.1125
0 0.29921875 0.86953125 0.09921875 0.1109375
0 0.18515625 0.93359375 0.1375 0.13203125
0 0.0484375 0.971875 0.096875 0.05625
0 0.0921875 0.784375 0.184375 0.21875
0 0.209375 0.70390625 0.16953125 0.21015625
0 0.35 0.6328125 0.1546875 0.171875