0 0.04296875 0.121875 0.0859375 0.24375
0 0.48984375 0.01953125 0.1484375 0.0390625
0 0.41171875 0.109375 0.1625 0.125
0 0.596875 0.0609375 0.1625 0.121875
0 0.77109375 0.06484375 0.17265625 0.1296875
0 0.93828125 0.0546875 0.1234375 0.109375
0 0.92734375 0.20859375 0.1453125 0.1890625
0 0.76328125 0.2390625 0.19453125 0.2140625
0 0.57578125 0.25 0.1890625 0.23046875
0 0.21484375 0.42109375 0.0984375 0.115625
0 0.05703125 0.39765625 0.1140625 0.1796875
0 0.01953125 0.6421875 0.03828125 0.13203125
0 0.12578125 0.54453125 0.084375 0.08125
0 0.090625 0.828125 0.18046875 0.16484375
0 0.0375 0.9515625 0.075 0.096875
0 0.24765625 0.953125 0.2140625 0.09375
0 0.45546875 0.89609375 0.10703125 0.1359375
0 0.65546875 0.8984375 0.1859375 0.203125
0 0.8984375 0.90546875 0.1015625 0.16328125
0 0.97421875 0.9125 0.0515625 0.175
0 0.89609375 0.690625 0.15625 0.16640625
0 0.72265625 0.72578125 0.184375 0.18203125
0 0.9453125 0.5171875 0.109375 0.22578125
0 0.7640625 0.51484375 0.2109375 0.18671875
0 0.5671875 0.53125 0.171875 0.1875
0 0.50078125 0.7015625 0.18671875 0.1546875
0 0.28046875 0.7140625 0.2234375 0.18671875
0 0.371875 0.53203125 0.18203125 0.1890625