0 0.09375 0.0453125 0.1875 0.090625
0 0.2453125 0.15703125 0.171875 0.1859375
0 0.43515625 0.1390625 0.1046875 0.1125
0 0.54140625 0.0359375 0.1046875 0.071875
0 0.81640625 0.11171875 0.2515625 0.2203125
0 0.98046875 0.0390625 0.0390625 0.078125
0 0.9828125 0.19609375 0.034375 0.1140625
0 0.8671875 0.3296875 0.196875 0.209375
0 0.79765625 0.52578125 0.1640625 0.2203125
0 0.9390625 0.5203125 0.121875 0.225
0 0.97109375 0.81953125 0.0578125 0.2015625
0 0.825 0.79453125 0.13125 0.1578125
0 0.6359375 0.903125 0.23125 0.19375
0 0.403125 0.9390625 0.221875 0.121875
0 0.23203125 0.79765625 0.2015625 0.2515625
0 0.1390625 0.5890625 0.1375 0.121875
0 0.49921875 0.525 0.1703125 0.221875
0 0.57109375 0.290625 0.1734375 0.203125
0 0.3703125 0.328125 0.21875 0.190625
0 0.234375 0.45546875 0.1625 0.1515625
0 0.08359375 0.26015625 0.1234375 0.1265625