0 0.48515625 0.1796875 0.2203125 0.1953125
0 0.33203125 0.3734375 0.171875 0.15625
0 0.5015625 0.365625 0.15625 0.140625
0 0.8796875 0.55625 0.2015625 0.16015625
0 0.840625 0.68359375 0.24375 0.1484375
0 0.54296875 0.70234375 0.19921875 0.1890625
0 0.428125 0.8640625 0.2109375 0.1703125
0 0.1703125 0.85078125 0.1640625 0.15
0 0.07734375 0.65234375 0.1546875 0.21484375
0 0.09765625 0.303125 0.1484375 0.20703125
0 0.09375 0.47265625 0.08203125 0.07421875
0 0.0453125 0.09375 0.08984375 0.1875
0 0.284375 0.13984375 0.103125 0.0796875
0 0.96171875 0.1578125 0.0765625 0.096875
0 0.91796875 0.3265625 0.1640625 0.23046875
0 0.028125 0.84296875 0.053125 0.15
0 0.0890625 0.9609375 0.178125 0.078125
0 0.27578125 0.96328125 0.1703125 0.0734375
0 0.590625 0.97265625 0.146875 0.0546875
0 0.38984375 0.97734375 0.0703125 0.0453125
0 0.93671875 0.9140625 0.071875 0.05078125
0 0.6296875 0.0453125 0.0921875 0.08984375
0 0.3046875 0.5890625 0.08984375 0.1
0 0.78125 0.9765625 0.1015625 0.046875