0 0.1484375 0.51953125 0.21484375 0.2109375
0 0.03671875 0.0640625 0.0734375 0.128125
0 0.03203125 0.725 0.0640625 0.13671875
0 0.2203125 0.89921875 0.1875 0.2015625
0 0.02421875 0.91875 0.0484375 0.1109375
0 0.26640625 0.74140625 0.1703125 0.1546875
0 0.47265625 0.95546875 0.1390625 0.0890625
0 0.85078125 0.95 0.1515625 0.1
0 0.73515625 0.8265625 0.1546875 0.1328125
0 0.915625 0.83515625 0.16796875 0.1859375
0 0.82734375 0.609375 0.146875 0.1484375
0 0.97421875 0.6359375 0.0515625 0.096875
0 0.83984375 0.4234375 0.19921875 0.19140625
0 0.35625 0.63125 0.115625 0.10546875
0 0.33203125 0.5515625 0.0625 0.0609375
0 0.425 0.58125 0.084375 0.0875
0 0.39453125 0.409375 0.1015625 0.103125
0 0.6125 0.4234375 0.134375 0.12109375
0 0.8640625 0.24296875 0.1421875 0.134375
0 0.5046875 0.04765625 0.1734375 0.0953125
0 0.4109375 0.1796875 0.1109375 0.11328125
0 0.6953125 0.053125 0.1015625 0.10546875
0 0.93203125 0.084375 0.1359375 0.16875
0 0.66875 0.22265625 0.071875 0.0859375