0 0.11015625 0.271875 0.1234375 0.0859375
0 0.0921875 0.2 0.16015625 0.0921875
0 0.3171875 0.1171875 0.1390625 0.10546875
0 0.3125 0.28125 0.109375 0.1171875
0 0.5046875 0.13671875 0.13125 0.15234375
0 0.9359375 0.13125 0.128125 0.13125
0 0.0359375 0.66015625 0.071875 0.13671875
0 0.32109375 0.87890625 0.165625 0.1484375
0 0.40234375 0.66484375 0.1015625 0.0921875
0 0.20625 0.44375 0.0953125 0.0859375
0 0.41015625 0.484375 0.1875 0.1484375
0 0.496875 0.3328125 0.06875 0.071875
0 0.73359375 0.3265625 0.115625 0.1171875
0 0.8015625 0.5578125 0.13125 0.146875
0 0.615625 0.71171875 0.125 0.1265625
0 0.75390625 0.92421875 0.1234375 0.1515625
0 0.8625 0.759375 0.103125 0.08984375
0 0.965625 0.5453125 0.06875 0.11875
0 0.9765625 0.3421875 0.046875 0.09765625
0 0.95 0.92109375 0.1 0.1515625
0 0.1296875 0.96171875 0.09375 0.0765625
0 0.778125 0.0890625 0.0796875 0.09140625
0 0.746875 0.0140625 0.0953125 0.02734375
0 0.96953125 0.0234375 0.0609375 0.046875