0 0.0546875 0.5859375 0.109375 0.16796875
0 0.2234375 0.6265625 0.2203125 0.19140625
0 0.446875 0.62421875 0.19921875 0.209375
0 0.69609375 0.59375 0.1890625 0.21484375
0 0.59375 0.45 0.17578125 0.1703125
0 0.56953125 0.82734375 0.1546875 0.1546875
0 0.09375 0.9515625 0.1875 0.096875
0 0.74375 0.98125 0.1125 0.0375
0 0.946875 0.8796875 0.10546875 0.196875
0 0.9234375 0.69140625 0.15234375 0.16796875
0 0.8140625 0.46953125 0.21875 0.2203125
0 0.340625 0.8171875 0.209375 0.1734375
0 0.35 0.425 0.19921875 0.15
0 0.8921875 0.25 0.10546875 0.140625
0 0.9625 0.30625 0.07421875 0.16796875
0 0.8015625 0.24375 0.1578125 0.22265625
0 0.68828125 0.07890625 0.2046875 0.1578125
0 0.40546875 0.0578125 0.1078125 0.115625
0 0.51484375 0.0484375 0.1203125 0.096875
0 0.459375 0.16015625 0.17578125 0.125
0 0.571875 0.28046875 0.22265625 0.165625
0 0.25078125 0.10546875 0.2046875 0.2109375
0 0.05546875 0.05625 0.1109375 0.1125
0 0.065625 0.17109375 0.13125 0.1421875
0 0.3078125 0.97734375 0.153125 0.0453125
0 0.75859375 0.85 0.1703125 0.21484375