0 0.0546875 0.08125 0.109375 0.1625
0 0.1921875 0.0234375 0.084375 0.046875
0 0.07734375 0.26640625 0.1546875 0.19375
0 0.3 0.28046875 0.1546875 0.13125
0 0.49921875 0.3015625 0.1421875 0.1390625
0 0.50859375 0.128125 0.15 0.134375
0 0.7296875 0.11796875 0.18125 0.115625
0 0.3875 0.490625 0.134375 0.12890625
0 0.0703125 0.63203125 0.140625 0.11875
0 0.0265625 0.815625 0.053125 0.103125
0 0.51953125 0.96640625 0.1234375 0.0671875
0 0.61328125 0.72578125 0.14453125 0.115625
0 0.74296875 0.690625 0.0953125 0.115625
0 0.953125 0.7046875 0.09375 0.15234375
0 0.83203125 0.334375 0.06640625 0.06640625
0 0.57421875 0.83671875 0.14453125 0.1109375
0 0.96484375 0.146875 0.0703125 0.09375
0 0.96640625 0.97734375 0.0671875 0.0453125
0 0.02578125 0.98125 0.0515625 0.0375