0 0.1765625 0.5609375 0.1546875 0.171875
0 0.0265625 0.5328125 0.053125 0.08203125
0 0.38359375 0.5640625 0.1625 0.1796875
0 0.828125 0.6171875 0.078125 0.08984375
0 0.95703125 0.8125 0.0859375 0.12890625
0 0.7625 0.78828125 0.146875 0.1546875
0 0.5390625 0.76875 0.15625 0.1890625
0 0.29296875 0.74296875 0.12109375 0.1390625
0 0.04296875 0.921875 0.0859375 0.13671875
0 0.2015625 0.91484375 0.10546875 0.13125
0 0.3703125 0.9125 0.1 0.125
0 0.60234375 0.953125 0.1078125 0.09375
0 0.8328125 0.96171875 0.11875 0.0765625
0 0.97890625 0.9828125 0.0421875 0.034375
0 0.921875 0.49609375 0.15625 0.17578125
0 0.721875 0.425 0.11875 0.1078125
0 0.5078125 0.38359375 0.109375 0.1265625
0 0.17265625 0.16484375 0.1890625 0.178125
0 0.534375 0.16484375 0.19375 0.19375
0 0.7625 0.184375 0.1890625 0.19375
0 0.81875 0.04609375 0.09765625 0.0921875
0 0.98984375 0.28203125 0.0203125 0.0953125
0 0.015625 0.3359375 0.03125 0.08203125
0 0.0234375 0.01484375 0.046875 0.0296875