0 0.19375 0.3015625 0.16796875 0.178125
0 0.1203125 0.1015625 0.1265625 0.1328125
0 0.19375 0.49609375 0.13671875 0.140625
0 0.109375 0.62578125 0.1015625 0.1078125
0 0.0390625 0.4390625 0.078125 0.109375
0 0.34765625 0.1109375 0.08203125 0.09375
0 0.5984375 0.0375 0.1109375 0.07421875
0 0.67109375 0.1078125 0.1390625 0.125
0 0.8265625 0.0421875 0.12890625 0.084375
0 0.9671875 0.05234375 0.065625 0.1046875
0 0.88359375 0.13984375 0.0875 0.103125
0 0.684375 0.3046875 0.1109375 0.15625
0 0.9109375 0.3265625 0.178125 0.184375
0 0.415625 0.33203125 0.1015625 0.10546875
0 0.6390625 0.55 0.11328125 0.115625
0 0.8890625 0.53203125 0.11328125 0.1390625
0 0.9765625 0.71953125 0.046875 0.1109375
0 0.9359375 0.9203125 0.128125 0.159375
0 0.7859375 0.7109375 0.165625 0.16015625
0 0.57890625 0.85625 0.1859375 0.19375
0 0.546875 0.68828125 0.16796875 0.13125
0 0.3125 0.8984375 0.203125 0.203125
0 0.09609375 0.98515625 0.0640625 0.0296875
0 0.3765625 0.47578125 0.08984375 0.0875
0 0.11171875 0.70859375 0.07265625 0.06328125