0 0.3125 0.51171875 0.1484375 0.16015625
0 0.3578125 0.3625 0.12109375 0.15
0 0.1671875 0.1765625 0.15 0.165625
0 0.09765625 0.0359375 0.16796875 0.071875
0 0.275 0.0421875 0.17578125 0.084375
0 0.5078125 0.03984375 0.12109375 0.0796875
0 0.840625 0.1921875 0.1546875 0.1578125
0 0.88359375 0.06171875 0.1703125 0.1234375
0 0.60859375 0.184375 0.2671875 0.1625
0 0.571875 0.36640625 0.19140625 0.178125
0 0.90234375 0.4171875 0.17578125 0.1859375
0 0.7828125 0.5890625 0.1875 0.2015625
0 0.98203125 0.60078125 0.0359375 0.1015625
0 0.15546875 0.6703125 0.1734375 0.15234375
0 0.12421875 0.840625 0.1578125 0.1703125
0 0.02734375 0.921875 0.0546875 0.12109375
0 0.02734375 0.7140625 0.0546875 0.103125
0 0.371875 0.903125 0.19375 0.19375
0 0.4078125 0.71796875 0.17578125 0.196875
0 0.5640625 0.93984375 0.096875 0.1203125
0 0.7390625 0.9203125 0.18125 0.159375
0 0.95390625 0.94296875 0.0890625 0.1140625
0 0.75859375 0.428125 0.06875 0.06640625
0 0.9171875 0.76640625 0.0921875 0.071875