0 0.159375 0.54765625 0.196875 0.1625
0 0.02734375 0.5765625 0.0546875 0.12890625
0 0.05390625 0.73359375 0.1078125 0.1703125
0 0.0765625 0.9078125 0.15234375 0.18359375
0 0.26796875 0.90859375 0.2171875 0.1828125
0 0.47890625 0.91640625 0.2046875 0.1671875
0 0.48515625 0.803125 0.19375 0.16015625
0 0.7203125 0.83671875 0.234375 0.1546875
0 0.72265625 0.96171875 0.1734375 0.0765625
0 0.9703125 0.9515625 0.059375 0.096875
0 0.8515625 0.6046875 0.14453125 0.13125
0 0.6625 0.59765625 0.234375 0.18359375
0 0.41875 0.5796875 0.2171875 0.203125
0 0.05078125 0.38203125 0.1015625 0.178125
0 0.2015625 0.36015625 0.203125 0.2015625
0 0.4234375 0.39453125 0.25 0.1796875
0 0.6953125 0.42890625 0.2734375 0.2171875
0 0.9125 0.43046875 0.175 0.1421875
0 0.87109375 0.246875 0.2578125 0.2015625
0 0.9625 0.078125 0.07421875 0.11328125
0 0.8359375 0.0734375 0.19140625 0.146875
0 0.54765625 0.21875 0.2359375 0.1640625
0 0.6125 0.0859375 0.2671875 0.171875
0 0.34453125 0.0546875 0.2328125 0.109375
0 0.3359375 0.1875 0.19921875 0.18359375
0 0.11328125 0.0640625 0.2265625 0.128125
0 0.071875 0.2015625 0.14375 0.1625