0 0.52734375 0.66875 0.16796875 0.1703125
0 0.46171875 0.44609375 0.115625 0.115625
0 0.28203125 0.4296875 0.1703125 0.14453125
0 0.4078125 0.2859375 0.12109375 0.1265625
0 0.38984375 0.12890625 0.1734375 0.1484375
0 0.675 0.028125 0.1109375 0.05625
0 0.603125 0.13984375 0.09765625 0.0921875
0 0.78984375 0.1453125 0.1109375 0.13125
0 0.7921875 0.315625 0.1078125 0.13125
0 0.6703125 0.30546875 0.03515625 0.0375
0 0.98046875 0.371875 0.0390625 0.0875
0 0.9734375 0.19765625 0.053125 0.0921875
0 0.92265625 0.05078125 0.1 0.08203125
0 0.77890625 0.97890625 0.1515625 0.0421875
0 0.3203125 0.85 0.171875 0.18359375
0 0.5359375 0.85078125 0.1703125 0.1734375
0 0.10859375 0.7796875 0.1109375 0.09375
0 0.04375 0.9390625 0.0875 0.12109375
0 0.153125 0.9453125 0.0765625 0.109375
0 0.14765625 0.61875 0.15 0.1640625
0 0.32890625 0.64765625 0.178125 0.1546875
0 0.06171875 0.28203125 0.1234375 0.1421875
0 0.2015625 0.275 0.12109375 0.14453125
0 0.04375 0.09375 0.0875 0.1171875
0 0.76875 0.659375 0.0796875 0.0796875
0 0.94296875 0.9046875 0.1140625 0.103125
0 0.1125 0.428125 0.1421875 0.13671875
0 0.9765625 0.696875 0.046875 0.05859375