0 0.0828125 0.5953125 0.165625 0.15625
0 0.03125 0.421875 0.0625 0.109375
0 0.0265625 0.78203125 0.053125 0.1078125
0 0.109375 0.76640625 0.109375 0.13125
0 0.02890625 0.9359375 0.0578125 0.128125
0 0.15234375 0.9453125 0.1875 0.109375
0 0.3875 0.9578125 0.134375 0.084375
0 0.56328125 0.84375 0.1265625 0.14453125
0 0.80078125 0.90234375 0.1796875 0.1953125
0 0.96328125 0.91953125 0.0734375 0.1609375
0 0.93359375 0.74609375 0.1328125 0.1484375
0 0.75 0.709375 0.203125 0.18359375
0 0.671875 0.5140625 0.08203125 0.08984375
0 0.9125 0.56953125 0.175 0.1984375
0 0.90234375 0.3765625 0.1953125 0.1875
0 0.9515625 0.1890625 0.096875 0.159375
0 0.859375 0.0328125 0.178125 0.065625
0 0.76953125 0.16484375 0.2109375 0.1890625
0 0.6828125 0.32109375 0.1625 0.1421875
0 0.4546875 0.2796875 0.14453125 0.13671875
0 0.5359375 0.125 0.13125 0.1171875
0 0.47578125 0.0296875 0.146875 0.05859375
0 0.29609375 0.09296875 0.1578125 0.1625
0 0.3078125 0.8015625 0.146875 0.1625
0 0.515625 0.67265625 0.171875 0.1734375
0 0.48828125 0.509375 0.17578125 0.109375
0 0.221875 0.496875 0.1890625 0.15
0 0.29296875 0.64375 0.19140625 0.15
0 0.2515625 0.30078125 0.10546875 0.12109375
0 0.1109375 0.10546875 0.16015625 0.14453125
0 0.04375 0.278125 0.0875 0.1421875
0 0.58828125 0.965625 0.1359375 0.06875