0 0.07734375 0.2359375 0.146875 0.17578125
0 0.31640625 0.246875 0.1484375 0.1578125
0 0.41328125 0.4796875 0.11875 0.1234375
0 0.6546875 0.53046875 0.10546875 0.11875
0 0.8171875 0.66875 0.1625 0.19375
0 0.9296875 0.60078125 0.0703125 0.084375
0 0.9578125 0.8796875 0.084375 0.1625
0 0.83125 0.98046875 0.06875 0.0390625
0 0.22578125 0.9421875 0.1515625 0.115625
0 0.56875 0.775 0.15234375 0.140625
0 0.0328125 0.9515625 0.065625 0.096875
0 0.1421875 0.7765625 0.10546875 0.134375
0 0.0421875 0.60234375 0.084375 0.1234375