0 0.371875 0.40625 0.1703125 0.140625
0 0.21171875 0.371875 0.1 0.0796875
0 0.21875 0.22578125 0.21484375 0.1859375
0 0.0359375 0.20390625 0.071875 0.1109375
0 0.053125 0.36015625 0.10546875 0.165625
0 0.0484375 0.54453125 0.096875 0.0984375
0 0.43046875 0.56328125 0.13125 0.146875
0 0.0265625 0.9234375 0.053125 0.11328125
0 0.32109375 0.89921875 0.1078125 0.115625
0 0.3203125 0.76953125 0.125 0.109375
0 0.5625 0.43671875 0.0859375 0.1109375
0 0.6609375 0.58671875 0.115625 0.134375
0 0.7203125 0.81875 0.1015625 0.11328125
0 0.5328125 0.9375 0.140625 0.125
0 0.73046875 0.9546875 0.12109375 0.08984375
0 0.9296875 0.95546875 0.140625 0.0890625
0 0.9421875 0.80546875 0.0953125 0.103125
0 0.8671875 0.6125 0.1015625 0.1421875
0 0.9546875 0.48359375 0.08984375 0.1234375
0 0.76484375 0.46875 0.11875 0.1171875
0 0.79375 0.2546875 0.1 0.103125
0 0.975 0.19765625 0.05 0.0921875
0 0.90625 0.11796875 0.18359375 0.0953125
0 0.9 0.03203125 0.12890625 0.0640625
0 0.684375 0.109375 0.134375 0.11328125
0 0.15234375 0.02421875 0.10546875 0.0484375