0 0.246875 0.5375 0.165625 0.1640625
0 0.0578125 0.14765625 0.115625 0.15
0 0.121875 0.04296875 0.15 0.0859375
0 0.284375 0.1875 0.165625 0.1953125
0 0.13984375 0.359375 0.13125 0.1484375
0 0.04609375 0.51953125 0.0921875 0.1328125
0 0.4515625 0.58515625 0.16015625 0.18125
0 0.665625 0.59453125 0.21875 0.2015625
0 0.87890625 0.5921875 0.125 0.171875
0 0.8828125 0.784375 0.140625 0.18125
0 0.934375 0.93515625 0.13125 0.1296875
0 0.71015625 0.93046875 0.1984375 0.1390625
0 0.67578125 0.7890625 0.21484375 0.18359375
0 0.57890625 0.37578125 0.1 0.115625
0 0.96875 0.4078125 0.0625 0.125
0 0.95859375 0.253125 0.0828125 0.159375
0 0.4953125 0.2171875 0.1734375 0.16015625
0 0.5546875 0.0640625 0.125 0.128125
0 0.04375 0.7234375 0.0875 0.165625
0 0.0515625 0.8796875 0.103125 0.178125
0 0.221875 0.8875 0.2046875 0.2125
0 0.21171875 0.6921875 0.1390625 0.1546875
0 0.43359375 0.7484375 0.15234375 0.16796875
0 0.4546875 0.91875 0.190625 0.1625
0 0.35859375 0.36015625 0.1265625 0.178125