0 0.1296875 0.4671875 0.2171875 0.1875
0 0.1453125 0.609375 0.15 0.1015625
0 0.140625 0.7203125 0.0859375 0.078125
0 0.22890625 0.92265625 0.1671875 0.1546875
0 0.421875 0.9390625 0.21484375 0.12109375
0 0.05859375 0.89140625 0.1171875 0.19375
0 0.034375 0.68046875 0.06875 0.1234375
0 0.34375 0.42578125 0.20703125 0.1953125
0 0.35 0.6328125 0.19140625 0.19921875
0 0.3640625 0.790625 0.1859375 0.140625
0 0.62265625 0.9734375 0.1015625 0.053125
0 0.859375 0.959375 0.13125 0.08125
0 0.5421875 0.790625 0.1390625 0.12890625
0 0.5578125 0.65234375 0.146875 0.1484375
0 0.62578125 0.575 0.053125 0.0953125
0 0.778125 0.67578125 0.2046875 0.21875
0 0.95703125 0.7203125 0.0859375 0.16015625
0 0.95859375 0.90234375 0.0828125 0.1953125
0 0.97109375 0.51171875 0.0578125 0.1640625
0 0.90859375 0.3875 0.1828125 0.203125
0 0.7015625 0.32890625 0.21484375 0.18125
0 0.7625 0.47265625 0.1421875 0.125
0 0.53984375 0.4390625 0.146875 0.1484375
0 0.475 0.315625 0.14453125 0.165625
0 0.821875 0.17265625 0.16015625 0.1734375
0 0.9890625 0.14609375 0.021875 0.0984375
0 0.5828125 0.12578125 0.084375 0.06875
0 0.58203125 0.05625 0.09375 0.06640625
0 0.39375 0.0578125 0.0796875 0.115625
0 0.30390625 0.08671875 0.1 0.15
0 0.0203125 0.0765625 0.040625 0.09765625
0 0.721875 0.03515625 0.11875 0.0703125