0 0.39453125 0.203125 0.14453125 0.1015625
0 0.62109375 0.1703125 0.12109375 0.1015625
0 0.7828125 0.0703125 0.16796875 0.140625
0 0.9734375 0.109375 0.053125 0.078125
0 0.3203125 0.0640625 0.15625 0.128125
0 0.09296875 0.0296875 0.1546875 0.05859375
0 0.6421875 0.44375 0.140625 0.125
0 0.703125 0.60234375 0.16796875 0.178125
0 0.509375 0.6 0.15625 0.1171875
0 0.28828125 0.55390625 0.1421875 0.1109375
0 0.28828125 0.36796875 0.1109375 0.1
0 0.0484375 0.51484375 0.096875 0.1390625
0 0.21015625 0.728125 0.1625 0.15234375
0 0.071875 0.91484375 0.14375 0.1484375
0 0.5140625 0.95078125 0.11875 0.0984375
0 0.68671875 0.96171875 0.1046875 0.0765625
0 0.88984375 0.97109375 0.0734375 0.0578125
0 0.89140625 0.83203125 0.115625 0.1484375
0 0.9390625 0.64765625 0.12109375 0.18125
0 0.6734375 0.80078125 0.140625 0.1640625
0 0.4640625 0.790625 0.134375 0.13671875
0 0.94140625 0.43828125 0.1171875 0.1078125
0 0.01640625 0.23359375 0.0328125 0.071875
0 0.3171875 0.9 0.0875 0.08984375