0 0.04140625 0.3453125 0.0828125 0.13203125
0 0.05390625 0.58671875 0.1078125 0.09375
0 0.36796875 0.634375 0.13359375 0.11875
0 0.2765625 0.36875 0.12421875 0.11796875
0 0.246875 0.1828125 0.14140625 0.14453125
0 0.75390625 0.12890625 0.15625 0.15
0 0.9390625 0.3703125 0.1125 0.115625
0 0.7734375 0.4484375 0.12421875 0.1359375
0 0.63515625 0.6296875 0.071875 0.078125
0 0.4375 0.90234375 0.071875 0.07265625
0 0.59453125 0.84453125 0.0734375 0.06796875
0 0.86640625 0.90390625 0.1375 0.1515625
0 0.8359375 0.75625 0.0890625 0.0984375
0 0.11640625 0.89296875 0.0828125 0.0671875
0 0.01875 0.08046875 0.03671875 0.14765625