0 0.271875 0.7765625 0.0875 0.0875
0 0.140625 0.84140625 0.10546875 0.103125
0 0.6453125 0.6515625 0.12890625 0.11953125
0 0.8140625 0.26015625 0.20625 0.15078125
0 0.5828125 0.390625 0.11875 0.11328125
0 0.83671875 0.453125 0.08671875 0.0734375
0 0.965625 0.2625 0.06875 0.115625
0 0.746875 0.07265625 0.19296875 0.1453125
0 0.93046875 0.03125 0.1140625 0.0625
0 0.2734375 0.0421875 0.115625 0.084375
0 0.54375 0.17890625 0.16796875 0.128125
0 0.0828125 0.06953125 0.165625 0.1390625
0 0.2734375 0.53671875 0.084375 0.0765625