0 0.17578125 0.56796875 0.0875 0.06328125
0 0.05234375 0.78515625 0.10390625 0.11640625
0 0.484375 0.64921875 0.08046875 0.078125
0 0.06953125 0.3234375 0.12890625 0.0875
0 0.17734375 0.84296875 0.09453125 0.10703125
0 0.6046875 0.8671875 0.10390625 0.1125
0 0.9375 0.796875 0.125 0.1390625
0 0.94453125 0.5515625 0.06640625 0.0671875
0 0.70234375 0.5453125 0.14296875 0.12265625
0 0.4453125 0.38671875 0.11640625 0.1
0 0.353125 0.1265625 0.13046875 0.10859375
0 0.04140625 0.0625 0.0828125 0.08046875
0 0.64296875 0.034375 0.14765625 0.06875
0 0.8265625 0.07265625 0.1390625 0.128125
0 0.8640625 0.31640625 0.0921875 0.0984375
0 0.67109375 0.26484375 0.115625 0.109375