0 0.040625 0.3609375 0.08125 0.08046875
0 0.0515625 0.4421875 0.10234375 0.0984375
0 0.11640625 0.63125 0.103125 0.10390625
0 0.19296875 0.85078125 0.10703125 0.10546875
0 0.41328125 0.77890625 0.09921875 0.0890625
0 0.2984375 0.29921875 0.12265625 0.121875
0 0.2328125 0.04453125 0.10859375 0.08828125
0 0.79765625 0.09453125 0.121875 0.1125
0 0.965625 0.0546875 0.06875 0.109375
0 0.865625 0.6359375 0.08671875 0.1015625
0 0.65078125 0.5640625 0.0828125 0.1203125
0 0.72890625 0.8453125 0.12578125 0.10859375
0 0.759375 0.98359375 0.09609375 0.0328125
0 0.9765625 0.25234375 0.046875 0.084375
0 0.6046875 0.04765625 0.09609375 0.0640625