0 0.196875 0.70859375 0.0875 0.11640625
0 0.46328125 0.65390625 0.109375 0.10859375
0 0.68671875 0.5375 0.078125 0.0890625
0 0.87265625 0.36953125 0.11484375 0.1234375
0 0.9828125 0.9296875 0.03203125 0.06484375
0 0.26484375 0.9515625 0.0953125 0.07109375
0 0.7265625 0.83671875 0.0875 0.08046875
0 0.40390625 0.38828125 0.10390625 0.11796875
0 0.6359375 0.25703125 0.13046875 0.1
0 0.8078125 0.14375 0.10234375 0.1125
0 0.37109375 0.08359375 0.1296875 0.16640625
0 0.1625 0.16171875 0.14296875 0.1515625
0 0.90703125 0.69609375 0.0453125 0.05546875