0 0.12421875 0.48828125 0.08125 0.08828125
0 0.3609375 0.45625 0.12890625 0.128125
0 0.56796875 0.4796875 0.10234375 0.0984375
0 0.79765625 0.44296875 0.1125 0.1
0 0.98359375 0.39765625 0.0328125 0.08515625
0 0.8609375 0.71953125 0.1 0.0984375
0 0.59140625 0.74140625 0.1015625 0.096875
0 0.4265625 0.96875 0.10625 0.0625
0 0.6328125 0.959375 0.05625 0.08125
0 0.90546875 0.9578125 0.0828125 0.084375
0 0.75390625 0.2125 0.09296875 0.09921875
0 0.528125 0.2171875 0.1078125 0.12890625
0 0.953125 0.13203125 0.09375 0.09375
0 0.4234375 0.74453125 0.046875 0.0484375