0 0.21640625 0.334375 0.1234375 0.115625
0 0.0796875 0.5578125 0.09921875 0.1125
0 0.03359375 0.28671875 0.0671875 0.1
0 0.35390625 0.0578125 0.09453125 0.096875
0 0.56953125 0.0671875 0.08515625 0.103125
0 0.64375 0.31875 0.075 0.09609375
0 0.84921875 0.259375 0.13359375 0.11953125
0 0.890625 0.53125 0.103125 0.11640625
0 0.9140625 0.79375 0.13515625 0.165625
0 0.5703125 0.86015625 0.1296875 0.1296875
0 0.33125 0.8375 0.15390625 0.1703125
0 0.13828125 0.79609375 0.08125 0.09765625
0 0.41640625 0.97890625 0.10703125 0.04140625
0 0.96953125 0.9609375 0.0609375 0.078125
0 0.70625 0.59453125 0.1234375 0.11796875
0 0.27109375 0.59375 0.1203125 0.10859375
0 0.81796875 0.03515625 0.1234375 0.0703125
0 0.76484375 0.79375 0.09921875 0.09453125