0 0.353125 0.8703125 0.13359375 0.09375
0 0.15234375 0.77109375 0.1171875 0.1046875
0 0.646875 0.97578125 0.11171875 0.0484375
0 0.82265625 0.82265625 0.08984375 0.0625
0 0.92734375 0.590625 0.1453125 0.1453125
0 0.528125 0.4828125 0.1421875 0.11015625
0 0.02265625 0.50859375 0.0453125 0.0828125
0 0.69296875 0.30546875 0.12578125 0.1203125
0 0.715625 0.06640625 0.12734375 0.1328125
0 0.92890625 0.0578125 0.12265625 0.11484375
0 0.96640625 0.3296875 0.0671875 0.125
0 0.70703125 0.60390625 0.1015625 0.10546875
0 0.92421875 0.96640625 0.1328125 0.0671875