0 0.221875 0.484375 0.0984375 0.0890625
0 0.04765625 0.76328125 0.0921875 0.0984375
0 0.1828125 0.71953125 0.13046875 0.109375
0 0.5046875 0.56328125 0.06171875 0.06640625
0 0.6734375 0.5375 0.14296875 0.11796875
0 0.8609375 0.5046875 0.1625 0.171875
0 0.94140625 0.14921875 0.11171875 0.08515625
0 0.80546875 0.24296875 0.1 0.1
0 0.56875 0.05546875 0.1625 0.1109375
0 0.36015625 0.15 0.12734375 0.096875
0 0.16953125 0.2359375 0.12109375 0.103125
0 0.1625 0.021875 0.15 0.04375
0 0.72890625 0.7734375 0.13515625 0.1359375
0 0.92734375 0.96171875 0.1453125 0.0765625
0 0.06796875 0.9625 0.1203125 0.075
0 0.4265625 0.43203125 0.08984375 0.08359375