0 0.2921875 0.425 0.08515625 0.10859375
0 0.07421875 0.51953125 0.13125 0.1359375
0 0.0921875 0.44296875 0.0046875 0.00859375
0 0.5015625 0.434375 0.0828125 0.1171875
0 0.70703125 0.43984375 0.090625 0.1421875
0 0.97734375 0.45546875 0.0453125 0.0859375
0 0.94765625 0.2328125 0.10390625 0.13359375
0 0.92734375 0.025 0.071875 0.04921875
0 0.44453125 0.221875 0.0625 0.0859375
0 0.1609375 0.74296875 0.0921875 0.09375
0 0.3453125 0.6640625 0.078125 0.0875
0 0.55 0.64296875 0.1234375 0.14140625
0 0.98359375 0.77265625 0.0328125 0.10859375
0 0.821875 0.909375 0.11328125 0.1203125
0 0.16953125 0.94765625 0.12890625 0.10390625
0 0.55 0.87734375 0.109375 0.1015625