0 0.80546875 0.46171875 0.1734375 0.1859375
0 0.16328125 0.55078125 0.1265625 0.11328125
0 0.11796875 0.2390625 0.1421875 0.1421875
0 0.08984375 0.04765625 0.1171875 0.0953125
0 0.54296875 0.25625 0.1484375 0.140625
0 0.509375 0.03984375 0.16015625 0.0796875
0 0.734375 0.0234375 0.11328125 0.046875
0 0.95234375 0.05859375 0.0765625 0.11328125
0 0.7796875 0.2328125 0.12890625 0.12109375
0 0.1625 0.80390625 0.1484375 0.11875
0 0.4578125 0.94296875 0.13125 0.1140625
0 0.909375 0.97109375 0.090625 0.0578125
0 0.89453125 0.78046875 0.09765625 0.0953125
0 0.3265625 0.1453125 0.10546875 0.0953125
0 0.659375 0.56953125 0.0796875 0.0796875
0 0.978125 0.3359375 0.04296875 0.08203125
0 0.6625 0.7859375 0.09765625 0.084375
0 0.05625 0.41328125 0.06640625 0.0921875