0 0.48671875 0.696875 0.0984375 0.10078125
0 0.23359375 0.68515625 0.12421875 0.13515625
0 0.66875 0.73125 0.09296875 0.07890625
0 0.94765625 0.46796875 0.10390625 0.10703125
0 0.6390625 0.48671875 0.10234375 0.1046875
0 0.415625 0.43046875 0.0984375 0.0890625
0 0.23671875 0.44296875 0.05859375 0.04765625
0 0.17265625 0.1625 0.1359375 0.140625
0 0.0296875 0.30546875 0.059375 0.1015625
0 0.38984375 0.1578125 0.14609375 0.16015625
0 0.6046875 0.2109375 0.09921875 0.09609375
0 0.884375 0.1625 0.16953125 0.1609375
0 0.94765625 0.865625 0.10390625 0.12109375
0 0.6703125 0.9671875 0.1 0.065625
0 0.43671875 0.82890625 0.1125 0.10234375
0 0.296875 0.97890625 0.08671875 0.04140625
0 0.47109375 0.984375 0.0875 0.03125
0 0.25859375 0.82421875 0.06015625 0.08046875