0 0.525 0.603125 0.1453125 0.1390625
0 0.24921875 0.34296875 0.125 0.115625
0 0.2515625 0.14375 0.1234375 0.1421875
0 0.059375 0.78046875 0.1171875 0.1640625
0 0.31015625 0.8625 0.11796875 0.13515625
0 0.96328125 0.934375 0.0734375 0.13125
0 0.79453125 0.6171875 0.11484375 0.13203125
0 0.48125 0.36328125 0.10859375 0.1109375
0 0.75078125 0.378125 0.10234375 0.128125
0 0.9421875 0.3171875 0.115625 0.1375
0 0.9484375 0.13984375 0.103125 0.1359375
0 0.78046875 0.05234375 0.13203125 0.1046875
0 0.9765625 0.68515625 0.046875 0.1171875