0 0.6734375 0.4171875 0.15078125 0.16328125
0 0.8640625 0.3375 0.12890625 0.13359375
0 0.31875 0.62109375 0.2203125 0.17109375
0 0.0984375 0.64765625 0.1859375 0.1671875
0 0.50078125 0.6265625 0.17578125 0.16640625
0 0.74296875 0.6953125 0.2140625 0.175
0 0.89921875 0.9203125 0.10390625 0.1015625
0 0.16953125 0.9234375 0.1640625 0.1375
0 0.3578125 0.91875 0.16796875 0.15390625
0 0.29375 0.3140625 0.17109375 0.128125
0 0.61875 0.18203125 0.15625 0.175
0 0.80078125 0.06171875 0.1640625 0.1234375
0 0.321875 0.12109375 0.09375 0.10546875
0 0.16328125 0.05 0.08828125 0.07265625