0 0.44296875 0.45390625 0.1421875 0.1703125
0 0.1703125 0.496875 0.12265625 0.08203125
0 0.13984375 0.334375 0.14453125 0.109375
0 0.14921875 0.171875 0.140625 0.17109375
0 0.365625 0.2 0.1265625 0.15
0 0.58359375 0.2046875 0.1390625 0.1625
0 0.77890625 0.21875 0.10703125 0.11171875
0 0.97109375 0.20234375 0.05703125 0.0984375
0 0.97109375 0.403125 0.05703125 0.10234375
0 0.79609375 0.471875 0.09765625 0.0859375
0 0.659375 0.5625 0.10390625 0.0890625
0 0.6796875 0.73671875 0.13046875 0.10546875
0 0.8609375 0.68671875 0.140625 0.13828125
0 0.5125 0.96953125 0.1125 0.0609375
0 0.94375 0.96484375 0.09609375 0.06953125
0 0.70078125 0.0203125 0.0640625 0.040625