0 0.35 0.13125 0.14453125 0.109375
0 0.0453125 0.059375 0.08203125 0.06875
0 0.07890625 0.3234375 0.1265625 0.103125
0 0.0546875 0.78046875 0.109375 0.1265625
0 0.17109375 0.83515625 0.06875 0.071875
0 0.48515625 0.65 0.0921875 0.07421875
0 0.171875 0.565625 0.09375 0.071875
0 0.44921875 0.3890625 0.1015625 0.08984375
0 0.64765625 0.0375 0.146875 0.07421875
0 0.828125 0.0703125 0.1328125 0.13671875
0 0.7046875 0.55625 0.1640625 0.1328125
0 0.65625 0.2671875 0.1171875 0.12890625
0 0.86875 0.32734375 0.09765625 0.1
0 0.94609375 0.5484375 0.06875 0.0703125
0 0.9375 0.7921875 0.125 0.1421875
0 0.6140625 0.8578125 0.1078125 0.1171875