0 0.34140625 0.5 0.10859375 0.13203125
0 0.11875 0.559375 0.10625 0.09453125
0 0.10859375 0.8546875 0.14375 0.11875
0 0.365625 0.7828125 0.1015625 0.1171875
0 0.51484375 0.85859375 0.0984375 0.11015625
0 0.81796875 0.97421875 0.09609375 0.0515625
0 0.790625 0.7703125 0.125 0.0921875
0 0.81171875 0.5453125 0.0875 0.08359375
0 0.56171875 0.5359375 0.06953125 0.078125
0 0.76484375 0.35625 0.075 0.07890625
0 0.26171875 0.2515625 0.1578125 0.14296875
0 0.0671875 0.3171875 0.134375 0.13828125
0 0.4453125 0.26328125 0.12734375 0.08046875