0 0.18828125 0.74453125 0.14140625 0.10859375
0 0.2296875 0.965625 0.125 0.06875
0 0.62734375 0.825 0.15390625 0.1359375
0 0.81328125 0.840625 0.1125 0.1015625
0 0.79296875 0.57890625 0.0921875 0.078125
0 0.75078125 0.328125 0.10703125 0.1109375
0 0.90703125 0.25546875 0.0734375 0.04921875
0 0.55390625 0.28125 0.1453125 0.10859375
0 0.26875 0.09296875 0.07578125 0.07265625
0 0.51796875 0.0453125 0.13515625 0.090625
0 0.70390625 0.0453125 0.08984375 0.090625
0 0.93515625 0.03125 0.1046875 0.0625
0 0.15078125 0.4859375 0.08046875 0.075
0 0.55078125 0.48828125 0.115625 0.09609375