0 0.21328125 0.6515625 0.165625 0.1765625
0 0.028125 0.7546875 0.05625 0.1375
0 0.32421875 0.95859375 0.13515625 0.0828125
0 0.409375 0.8421875 0.14609375 0.17890625
0 0.46796875 0.68046875 0.15 0.1734375
0 0.640625 0.74453125 0.18125 0.21796875
0 0.58828125 0.9484375 0.2015625 0.103125
0 0.80703125 0.921875 0.1984375 0.15625
0 0.88515625 0.6609375 0.14609375 0.1625
0 0.7296875 0.45546875 0.12734375 0.1078125
0 0.28046875 0.2484375 0.16171875 0.21953125
0 0.4796875 0.303125 0.18984375 0.18125
0 0.07421875 0.26796875 0.1484375 0.234375
0 0.1484375 0.103125 0.12421875 0.2015625
0 0.0390625 0.046875 0.078125 0.09375
0 0.43046875 0.0375 0.16796875 0.0703125
0 0.58359375 0.134375 0.19609375 0.22109375
0 0.67421875 0.04453125 0.1453125 0.08828125
0 0.89921875 0.1265625 0.16015625 0.21875
0 0.78828125 0.2453125 0.1796875 0.2359375
0 0.96796875 0.06875 0.0640625 0.12890625
0 0.8359375 0.40546875 0.075 0.06484375