0 0.090625 0.09609375 0.1734375 0.14765625
0 0.3 0.0421875 0.153125 0.084375
0 0.49375 0.03515625 0.228125 0.0703125
0 0.96953125 0.0484375 0.0609375 0.096875
0 0.675 0.13671875 0.24765625 0.18046875
0 0.48828125 0.15 0.12265625 0.1390625
0 0.090625 0.325 0.18046875 0.1484375
0 0.31875 0.30546875 0.22421875 0.1625
0 0.84609375 0.259375 0.15 0.14453125
0 0.95546875 0.1984375 0.08828125 0.1671875
0 0.0625 0.52578125 0.125 0.1734375
0 0.24609375 0.49296875 0.20625 0.18515625
0 0.45 0.50546875 0.22109375 0.18203125
0 0.76640625 0.48125 0.13515625 0.1765625
0 0.89765625 0.4359375 0.15390625 0.19609375
0 0.93515625 0.67578125 0.1296875 0.1796875
0 0.8265625 0.69453125 0.1359375 0.12265625
0 0.85078125 0.79765625 0.10546875 0.090625
0 0.72109375 0.84765625 0.14453125 0.1109375
0 0.78359375 0.93359375 0.253125 0.071875
0 0.86875 0.96953125 0.159375 0.0609375
0 0.609375 0.79375 0.2140625 0.14765625
0 0.6703125 0.71015625 0.09375 0.06640625
0 0.3140625 0.9046875 0.265625 0.190625
0 0.390625 0.6640625 0.21171875 0.15546875
0 0.23359375 0.67578125 0.1578125 0.15625
0 0.109375 0.7609375 0.153125 0.1359375
0 0.0515625 0.8875 0.10234375 0.06796875