0 0.07890625 0.02578125 0.153125 0.0515625
0 0.12421875 0.11640625 0.16171875 0.13203125
0 0.08828125 0.3796875 0.1765625 0.165625
0 0.059375 0.5421875 0.11875 0.16171875
0 0.30390625 0.27265625 0.2078125 0.18828125
0 0.16328125 0.2171875 0.12265625 0.10859375
0 0.38984375 0.084375 0.1484375 0.16875
0 0.640625 0.05546875 0.184375 0.1109375
0 0.75078125 0.184375 0.13046875 0.15625
0 0.87578125 0.028125 0.0875 0.05625
0 0.98359375 0.12578125 0.0328125 0.11796875
0 0.9140625 0.57421875 0.171875 0.203125
0 0.5921875 0.58671875 0.20234375 0.1890625
0 0.76796875 0.7921875 0.21796875 0.2046875
0 0.61796875 0.93125 0.1546875 0.1375
0 0.36328125 0.9203125 0.1484375 0.159375
0 0.08125 0.95078125 0.16015625 0.0984375