0 0.06328125 0.40078125 0.1265625 0.1546875
0 0.27265625 0.3890625 0.20703125 0.24453125
0 0.4171875 0.20859375 0.27578125 0.25625
0 0.55390625 0.02109375 0.12265625 0.0421875
0 0.275 0.0484375 0.146875 0.096875
0 0.1484375 0.17421875 0.2171875 0.2265625
0 0.6875 0.403125 0.21875 0.23359375
0 0.9109375 0.30078125 0.178125 0.2046875
0 0.953125 0.82265625 0.09375 0.2921875
0 0.7078125 0.82578125 0.17421875 0.140625
0 0.6359375 0.93671875 0.2015625 0.1265625
0 0.4734375 0.8140625 0.228125 0.16484375
0 0.2484375 0.91640625 0.21640625 0.16640625
0 0.10234375 0.7875 0.1390625 0.1640625
0 0.21953125 0.67265625 0.23203125 0.2375
0 0.496875 0.54921875 0.2046875 0.225
0 0.753125 0.684375 0.08984375 0.1015625
0 0.11640625 0.01484375 0.071875 0.0296875