0 0.215625 0.07421875 0.184375 0.1484375
0 0.08046875 0.015625 0.0703125 0.03125
0 0.11796875 0.25546875 0.2359375 0.2109375
0 0.040625 0.09296875 0.08125 0.115625
0 0.5453125 0.0609375 0.225 0.121875
0 0.425 0.246875 0.26328125 0.28984375
0 0.72421875 0.228125 0.23046875 0.2640625
0 0.89609375 0.084375 0.2078125 0.16875
0 0.64609375 0.446875 0.21640625 0.21796875
0 0.8265625 0.62109375 0.278125 0.2484375
0 0.75 0.890625 0.27421875 0.21875
0 0.94453125 0.80625 0.1109375 0.1046875
0 0.9453125 0.9296875 0.109375 0.140625
0 0.1953125 0.96015625 0.17265625 0.0796875
0 0.2734375 0.76484375 0.15859375 0.15234375
0 0.075 0.72890625 0.15 0.19375
0 0.10859375 0.54921875 0.2171875 0.2140625
0 0.34375 0.50078125 0.21640625 0.2125
0 0.5640625 0.68125 0.2171875 0.24140625