0 0.60078125 0.603125 0.225 0.1984375
0 0.7859375 0.503125 0.17109375 0.165625
0 0.915625 0.315625 0.16875 0.275
0 0.41796875 0.771875 0.1890625 0.16015625
0 0.190625 0.76015625 0.28515625 0.26171875
0 0.07578125 0.94453125 0.1515625 0.1109375
0 0.3359375 0.940625 0.24375 0.11875
0 0.678125 0.91953125 0.2796875 0.1609375
0 0.8171875 0.7734375 0.23984375 0.178125
0 0.9375 0.64296875 0.125 0.190625
0 0.953125 0.93671875 0.09375 0.1265625
0 0.05625 0.56796875 0.1125 0.2140625
0 0.27421875 0.553125 0.28203125 0.196875
0 0.43203125 0.353125 0.3140625 0.2015625
0 0.06953125 0.375 0.1390625 0.178125
0 0.21484375 0.21484375 0.24375 0.20859375
0 0.0546875 0.06484375 0.109375 0.1296875
0 0.31796875 0.06796875 0.2328125 0.1359375
0 0.50546875 0.1421875 0.22109375 0.25078125