0 0.5640625 0.521875 0.18046875 0.2015625
0 0.37421875 0.61171875 0.2125 0.19609375
0 0.1078125 0.6265625 0.21015625 0.22265625
0 0.97734375 0.40546875 0.0453125 0.1359375
0 0.96953125 0.39921875 0.0609375 0.1234375
0 0.92734375 0.5828125 0.1453125 0.23125
0 0.77890625 0.734375 0.234375 0.21015625
0 0.63203125 0.91171875 0.1875 0.1765625
0 0.43125 0.93984375 0.14453125 0.11953125
0 0.8953125 0.915625 0.209375 0.16875
0 0.19453125 0.40625 0.21015625 0.21015625
0 0.07109375 0.1890625 0.14140625 0.14609375
0 0.07265625 0.05390625 0.1453125 0.1046875
0 0.54609375 0.1421875 0.175 0.16875
0 0.68359375 0.290625 0.165625 0.22734375
0 0.83359375 0.18125 0.25625 0.215625