0 0.0875 0.4703125 0.175 0.18515625
0 0.1203125 0.284375 0.1453125 0.21171875
0 0.028125 0.08125 0.05625 0.14921875
0 0.21484375 0.078125 0.22890625 0.15625
0 0.3203125 0.47421875 0.25234375 0.2078125
0 0.52265625 0.66640625 0.2609375 0.22578125
0 0.23203125 0.678125 0.26328125 0.2265625
0 0.0859375 0.85234375 0.171875 0.22734375
0 0.43515625 0.87578125 0.2578125 0.2484375
0 0.740625 0.88203125 0.29375 0.2359375
0 0.94453125 0.840625 0.1109375 0.2328125
0 0.665625 0.41015625 0.31953125 0.28671875
0 0.6765625 0.12421875 0.31875 0.2484375
0 0.76796875 0.04609375 0.24140625 0.0921875
0 0.93828125 0.084375 0.1234375 0.16875
0 0.9015625 0.3078125 0.196875 0.215625
0 0.46484375 0.025 0.0703125 0.04921875