0 0.1140625 0.17578125 0.22578125 0.28671875
0 0.26953125 0.040625 0.1953125 0.08125
0 0.403125 0.12578125 0.184375 0.2515625
0 0.64765625 0.046875 0.2109375 0.09375
0 0.853125 0.2109375 0.22109375 0.23125
0 0.62265625 0.3609375 0.2171875 0.23671875
0 0.30390625 0.37578125 0.1859375 0.184375
0 0.14921875 0.45390625 0.1875 0.23515625
0 0.05390625 0.60625 0.1078125 0.2296875
0 0.11875 0.8078125 0.10234375 0.12421875
0 0.1828125 0.92109375 0.16171875 0.1578125
0 0.36328125 0.9625 0.1515625 0.075
0 0.56015625 0.87578125 0.1953125 0.2484375
0 0.33203125 0.74375 0.1734375 0.25234375
0 0.48359375 0.60859375 0.22109375 0.27421875
0 0.875 0.9375 0.25 0.125
0 0.85703125 0.54375 0.2859375 0.27578125