0 0.55703125 0.915625 0.1984375 0.16875
0 0.29140625 0.92734375 0.1796875 0.1453125
0 0.1046875 0.81953125 0.15859375 0.19609375
0 0.846875 0.9015625 0.19375 0.196875
0 0.90859375 0.70625 0.18203125 0.2171875
0 0.9265625 0.37421875 0.146875 0.1453125
0 0.76875 0.4984375 0.1234375 0.13125
0 0.62109375 0.59296875 0.2234375 0.2578125
0 0.35546875 0.45234375 0.22578125 0.209375
0 0.228125 0.2484375 0.15625 0.18125
0 0.0796875 0.14609375 0.159375 0.1875
0 0.3640625 0.09609375 0.23359375 0.19140625
0 0.534375 0.26015625 0.140625 0.2
0 0.61640625 0.06796875 0.1640625 0.1359375
0 0.75859375 0.2015625 0.221875 0.2390625
0 0.828125 0.03515625 0.10625 0.0703125
0 0.9390625 0.12890625 0.121875 0.1890625
0 0.25 0.69921875 0.1515625 0.128125