0 0.0671875 0.0765625 0.134375 0.15234375
0 0.0890625 0.259375 0.178125 0.25
0 0.06640625 0.5796875 0.1328125 0.15078125
0 0.1171875 0.903125 0.228125 0.19375
0 0.18828125 0.73203125 0.2328125 0.20859375
0 0.246875 0.4578125 0.24375 0.26875
0 0.265625 0.1640625 0.25625 0.22890625
0 0.3875 0.0453125 0.225 0.090625
0 0.4765625 0.3859375 0.22578125 0.2390625
0 0.4625 0.65546875 0.25546875 0.2578125
0 0.40546875 0.890625 0.2265625 0.21875
0 0.56640625 0.9453125 0.1859375 0.109375
0 0.64609375 0.88515625 0.21640625 0.221875
0 0.81953125 0.71953125 0.28125 0.21796875
0 0.64765625 0.54609375 0.19140625 0.26015625
0 0.81015625 0.425 0.21171875 0.196875
0 0.91953125 0.546875 0.1609375 0.171875
0 0.9015625 0.9328125 0.196875 0.134375
0 0.9765625 0.37265625 0.046875 0.1015625
0 0.6484375 0.23359375 0.22578125 0.21796875
0 0.66953125 0.0671875 0.240625 0.134375
0 0.8671875 0.2125 0.21171875 0.23203125
0 0.91640625 0.0765625 0.16640625 0.15234375