0 0.39453125 0.1984375 0.1046875 0.10390625
0 0.1671875 0.2421875 0.13046875 0.14375
0 0.2 0.06875 0.228125 0.1375
0 0.6109375 0.08203125 0.08828125 0.13671875
0 0.9015625 0.08359375 0.196875 0.1671875
0 0.84921875 0.278125 0.25625 0.22421875
0 0.621875 0.40546875 0.246875 0.23984375
0 0.3875 0.4796875 0.2046875 0.2296875
0 0.0640625 0.41875 0.11953125 0.125
0 0.084375 0.815625 0.16796875 0.28828125
0 0.325 0.73671875 0.14765625 0.1625
0 0.8234375 0.89921875 0.2375 0.2015625
0 0.6125 0.6734375 0.21171875 0.24765625
0 0.7984375 0.60625 0.19609375 0.228125
0 0.95234375 0.47109375 0.0953125 0.16171875
0 0.9625 0.809375 0.075 0.1375