0 0.85390625 0.615625 0.1625 0.178125
0 0.95859375 0.7625 0.0828125 0.17578125
0 0.91171875 0.9328125 0.1765625 0.134375
0 0.73359375 0.8953125 0.0984375 0.10078125
0 0.653125 0.96953125 0.140625 0.0609375
0 0.41015625 0.97265625 0.16171875 0.05390625
0 0.0671875 0.94765625 0.134375 0.10390625
0 0.22890625 0.86328125 0.18046875 0.18359375
0 0.39375 0.7859375 0.16640625 0.15703125
0 0.5828125 0.70078125 0.196875 0.2
0 0.63125 0.49453125 0.1578125 0.203125
0 0.06796875 0.66328125 0.1359375 0.1578125
0 0.15 0.5125 0.15625 0.1640625
0 0.2796875 0.38203125 0.17421875 0.1828125
0 0.4015625 0.49921875 0.13046875 0.16640625
0 0.47265625 0.29453125 0.16171875 0.2265625
0 0.746875 0.2453125 0.1640625 0.16171875
0 0.98046875 0.2484375 0.03828125 0.1765625
0 0.88359375 0.06171875 0.2328125 0.1234375
0 0.59375 0.11953125 0.17421875 0.1625
0 0.60859375 0.0234375 0.1203125 0.046875
0 0.4640625 0.03984375 0.07265625 0.0796875
0 0.3484375 0.1828125 0.1375 0.1875
0 0.07578125 0.14921875 0.1515625 0.2296875
0 0.18046875 0.046875 0.1203125 0.09375
0 0.0546875 0.34375 0.109375 0.17109375