0 0.02421875 0.0828125 0.0484375 0.11875
0 0.07109375 0.86953125 0.14140625 0.26015625
0 0.24140625 0.15546875 0.23046875 0.1609375
0 0.309375 0.03828125 0.2046875 0.07578125
0 0.49375 0.11796875 0.18359375 0.15078125
0 0.625 0.0734375 0.2046875 0.146875
0 0.85546875 0.14375 0.28828125 0.18359375
0 0.953125 0.034375 0.09375 0.06875
0 0.29140625 0.4515625 0.25078125 0.215625
0 0.48515625 0.3859375 0.25 0.240625
0 0.75234375 0.3953125 0.25859375 0.14609375
0 0.721875 0.55859375 0.225 0.1859375
0 0.51171875 0.628125 0.26015625 0.17734375
0 0.69609375 0.8015625 0.3109375 0.22109375
0 0.92109375 0.57890625 0.1578125 0.2265625
0 0.91796875 0.76328125 0.16328125 0.16328125
0 0.875 0.95625 0.228125 0.0875
0 0.225 0.9734375 0.190625 0.053125
0 0.2953125 0.80703125 0.29609375 0.2078125
0 0.240625 0.7046875 0.20625 0.17421875
0 0.4375 0.915625 0.240625 0.16875