0 0.81015625 0.640625 0.20703125 0.17109375
0 0.2375 0.38359375 0.2421875 0.290625
0 0.04921875 0.46875 0.0984375 0.253125
0 0.1953125 0.6921875 0.19453125 0.19921875
0 0.2390625 0.946875 0.078125 0.10625
0 0.40859375 0.8625 0.2640625 0.275
0 0.61328125 0.77109375 0.19921875 0.2296875
0 0.696875 0.9625 0.221875 0.075
0 0.87578125 0.91953125 0.18359375 0.1609375
0 0.95625 0.8984375 0.0875 0.203125
0 0.89609375 0.3515625 0.2078125 0.29140625
0 0.70859375 0.13828125 0.221875 0.234375
0 0.83359375 0.01796875 0.1265625 0.0359375