0 0.31328125 0.14765625 0.1109375 0.13046875
0 0.2890625 0.25546875 0.128125 0.1125
0 0.3859375 0.43203125 0.1359375 0.14765625
0 0.4421875 0.5859375 0.19140625 0.17734375
0 0.48671875 0.759375 0.13046875 0.15625
0 0.5203125 0.88125 0.08359375 0.09765625
0 0.325 0.934375 0.128125 0.13125
0 0.31171875 0.78125 0.2 0.1515625
0 0.2625 0.60234375 0.13046875 0.1625
0 0.1859375 0.45390625 0.134375 0.1421875
0 0.12421875 0.61640625 0.15546875 0.165625
0 0.034375 0.4640625 0.06875 0.1328125
0 0.01484375 0.64140625 0.0296875 0.0875
0 0.0140625 0.78359375 0.028125 0.11875
0 0.01484375 0.9265625 0.0296875 0.14140625
0 0.15234375 0.934375 0.1984375 0.13125
0 0.12421875 0.7796875 0.16640625 0.1546875
0 0.15 0.1859375 0.09609375 0.15625
0 0.04765625 0.1734375 0.0953125 0.20625
0 0.48359375 0.17578125 0.125 0.11640625
0 0.48125 0.29375 0.13046875 0.1328125
0 0.6890625 0.25703125 0.1375 0.19609375
0 0.6453125 0.48125 0.15 0.159375
0 0.68515625 0.3859375 0.115625 0.1046875
0 0.81953125 0.41484375 0.14609375 0.14296875
0 0.828125 0.615625 0.0765625 0.12890625
0 0.68125 0.8796875 0.159375 0.1359375
0 0.69296875 0.7328125 0.15703125 0.159375
0 0.63515625 0.971875 0.0921875 0.05625
0 0.8203125 0.97578125 0.0984375 0.0484375
0 0.87890625 0.88984375 0.09453125 0.1515625
0 0.95625 0.9671875 0.0875 0.065625
0 0.96171875 0.65 0.0765625 0.1625
0 0.9640625 0.42890625 0.071875 0.0734375