0 0.52265625 0.60234375 0.14296875 0.13671875
0 0.31171875 0.5984375 0.13515625 0.1453125
0 0.1109375 0.61875 0.15390625 0.1390625
0 0.05546875 0.75625 0.1109375 0.13046875
0 0.03671875 0.9515625 0.0734375 0.096875
0 0.18515625 0.94140625 0.165625 0.11640625
0 0.33671875 0.93671875 0.1140625 0.1265625
0 0.2078125 0.75546875 0.1625 0.18203125
0 0.4296875 0.75625 0.13359375 0.17734375
0 0.6078125 0.8890625 0.11875 0.103125
0 0.621875 0.72265625 0.18984375 0.18125
0 0.803125 0.69140625 0.11171875 0.1328125
0 0.76328125 0.86015625 0.12734375 0.140625
0 0.92734375 0.98125 0.0796875 0.0375
0 0.965625 0.86484375 0.06875 0.1203125
0 0.95234375 0.71953125 0.0953125 0.1375
0 0.91328125 0.5625 0.13359375 0.1109375
0 0.696875 0.56875 0.1078125 0.1125
0 0.56875 0.41796875 0.1328125 0.146875
0 0.3765625 0.425 0.12265625 0.11171875
0 0.17890625 0.43671875 0.1625 0.14453125
0 0.0453125 0.34375 0.0890625 0.096875
0 0.22578125 0.27890625 0.14296875 0.1265625
0 0.4109375 0.29140625 0.1640625 0.09453125
0 0.75703125 0.42109375 0.1046875 0.0875
0 0.96328125 0.21171875 0.07265625 0.1515625
0 0.71953125 0.28984375 0.15078125 0.1484375
0 0.40859375 0.1203125 0.18984375 0.1703125
0 0.2375 0.12421875 0.15234375 0.14140625
0 0.07734375 0.13125 0.15390625 0.14609375
0 0.03203125 0.2484375 0.06328125 0.07734375
0 0.1265625 0.021875 0.10859375 0.04375
0 0.37578125 0.01796875 0.06796875 0.034375
0 0.59375 0.028125 0.13359375 0.05390625
0 0.71875 0.11171875 0.1390625 0.14453125
0 0.746875 0.0234375 0.159375 0.046875
0 0.92890625 0.0640625 0.12265625 0.1125
0 0.94453125 0.39609375 0.10859375 0.08828125