0 0.30234375 0.528125 0.13359375 0.14765625
0 0.13984375 0.365625 0.10625 0.13046875
0 0.32734375 0.3703125 0.1390625 0.153125
0 0.53046875 0.36484375 0.14609375 0.15390625
0 0.7109375 0.36171875 0.1390625 0.13203125
0 0.87890625 0.34296875 0.14453125 0.16640625
0 0.92109375 0.515625 0.14140625 0.14765625
0 0.7203125 0.53046875 0.1109375 0.09609375
0 0.5234375 0.53359375 0.14921875 0.1578125
0 0.02890625 0.728125 0.0578125 0.1046875
0 0.1484375 0.9734375 0.140625 0.053125
0 0.159375 0.86171875 0.1125 0.11875
0 0.190625 0.71484375 0.07578125 0.10078125
0 0.38671875 0.68828125 0.19453125 0.175
0 0.56171875 0.67265625 0.146875 0.13203125
0 0.7625 0.65234375 0.15703125 0.1515625
0 0.92890625 0.6484375 0.1421875 0.22265625
0 0.9078125 0.8046875 0.1609375 0.1296875
0 0.8828125 0.96875 0.0796875 0.0625
0 0.6859375 0.959375 0.084375 0.08125
0 0.7265625 0.8 0.121875 0.14609375
0 0.5296875 0.890625 0.16171875 0.21875
0 0.328125 0.85703125 0.09921875 0.09609375
0 0.35546875 0.96484375 0.08046875 0.06953125
0 0.93046875 0.16875 0.134375 0.13828125
0 0.734375 0.21796875 0.15703125 0.16015625
0 0.0359375 0.2078125 0.071875 0.1265625
0 0.1796875 0.2390625 0.121875 0.12109375
0 0.13359375 0.06484375 0.1765625 0.1296875
0 0.3140625 0.05390625 0.0953125 0.1078125
0 0.49921875 0.06875 0.1265625 0.12890625
0 0.6921875 0.05625 0.1125 0.1125
0 0.88046875 0.025 0.1234375 0.04921875
0 0.425 0.2234375 0.13515625 0.1203125