0 0.3484375 0.503125 0.1375 0.1625
0 0.25390625 0.6828125 0.14140625 0.125
0 0.19609375 0.8359375 0.1609375 0.1890625
0 0.0515625 0.86640625 0.10234375 0.1375
0 0.0734375 0.97265625 0.1296875 0.05390625
0 0.25703125 0.959375 0.1265625 0.08125
0 0.34375 0.8453125 0.128125 0.165625
0 0.4625 0.9375 0.1375 0.125
0 0.65625 0.934375 0.14375 0.13125
0 0.56953125 0.8515625 0.1109375 0.12109375
0 0.74453125 0.83125 0.11796875 0.1578125
0 0.86796875 0.94140625 0.1375 0.11640625
0 0.93359375 0.81953125 0.13203125 0.1171875
0 0.95234375 0.6546875 0.0953125 0.18515625
0 0.8265625 0.65390625 0.14609375 0.1515625
0 0.64375 0.67421875 0.1859375 0.1953125
0 0.453125 0.68203125 0.1765625 0.1828125
0 0.52734375 0.5109375 0.1578125 0.1359375
0 0.92265625 0.48828125 0.1546875 0.1671875
0 0.17578125 0.50859375 0.1734375 0.16015625
0 0.06875 0.6953125 0.1375 0.146875
0 0.01328125 0.5390625 0.02578125 0.11015625
0 0.0515625 0.3703125 0.10234375 0.17890625
0 0.19609375 0.36640625 0.14609375 0.14296875
0 0.05703125 0.09609375 0.1140625 0.1921875
0 0.2171875 0.09921875 0.11875 0.11015625
0 0.33203125 0.0953125 0.10234375 0.1171875
0 0.603125 0.059375 0.1609375 0.11875
0 0.7984375 0.059375 0.13125 0.115625
0 0.94921875 0.0484375 0.0984375 0.096875
0 0.96875 0.2484375 0.0625 0.153125
0 0.803125 0.1640625 0.1265625 0.15
0 0.66484375 0.20234375 0.203125 0.15546875