0 0.228125 0.09921875 0.128125 0.1625
0 0.40859375 0.09453125 0.0984375 0.1265625
0 0.02265625 0.22734375 0.0453125 0.1140625
0 0.58359375 0.090625 0.1390625 0.10859375
0 0.97109375 0.146875 0.05703125 0.171875
0 0.82265625 0.1828125 0.11796875 0.14453125
0 0.65078125 0.1765625 0.11796875 0.12109375
0 0.0484375 0.3578125 0.096875 0.14296875
0 0.2375 0.3359375 0.15546875 0.140625
0 0.4421875 0.35078125 0.1015625 0.13203125
0 0.64609375 0.315625 0.1734375 0.18203125
0 0.8390625 0.31640625 0.1703125 0.15078125
0 0.9609375 0.4453125 0.078125 0.13515625
0 0.82109375 0.48125 0.12890625 0.1625
0 0.65 0.4765625 0.16640625 0.16875
0 0.46640625 0.47734375 0.14609375 0.153125
0 0.27109375 0.46875 0.19609375 0.20859375
0 0.07578125 0.490625 0.1515625 0.159375
0 0.02890625 0.675 0.0578125 0.1578125
0 0.18203125 0.66015625 0.15703125 0.1953125
0 0.34453125 0.66015625 0.14140625 0.1640625
0 0.5265625 0.62265625 0.125 0.175
0 0.71640625 0.63046875 0.15 0.1796875
0 0.90546875 0.61015625 0.1890625 0.175
0 0.93515625 0.77421875 0.1296875 0.165625
0 0.93359375 0.92578125 0.13203125 0.14765625
0 0.7703125 0.9265625 0.1625 0.146875
0 0.765625 0.77421875 0.1734375 0.1546875
0 0.57890625 0.7953125 0.209375 0.184375
0 0.60078125 0.94140625 0.1359375 0.1171875
0 0.43671875 0.93828125 0.1546875 0.1234375
0 0.375 0.8046875 0.165625 0.1515625
0 0.24140625 0.94921875 0.159375 0.10078125
0 0.18125 0.84296875 0.14453125 0.1890625
0 0.06953125 0.953125 0.1390625 0.09375
0 0.05390625 0.828125 0.1078125 0.14765625