0 0.4421875 0.415625 0.1265625 0.13046875
0 0.0265625 0.74609375 0.05234375 0.140625
0 0.17734375 0.7421875 0.1375 0.16328125
0 0.38671875 0.73046875 0.1125 0.146875
0 0.54296875 0.71796875 0.16640625 0.14375
0 0.75 0.7125 0.14765625 0.15546875
0 0.928125 0.7140625 0.13203125 0.17578125
0 0.865625 0.8953125 0.11796875 0.115625
0 0.66953125 0.9265625 0.1421875 0.146875
0 0.05625 0.9375 0.1125 0.125
0 0.9453125 0.51171875 0.10390625 0.1265625
0 0.7375 0.5453125 0.1578125 0.1765625
0 0.6 0.559375 0.15234375 0.13359375
0 0.3796875 0.56484375 0.14140625 0.15546875
0 0.18203125 0.5859375 0.16328125 0.12734375
0 0.0625 0.45390625 0.125 0.1828125
0 0.10078125 0.2734375 0.19453125 0.16328125
0 0.234375 0.4203125 0.1453125 0.159375
0 0.2921875 0.26484375 0.146875 0.15859375
0 0.49765625 0.221875 0.121875 0.084375
0 0.67421875 0.22265625 0.1390625 0.1296875
0 0.60859375 0.396875 0.13515625 0.12578125
0 0.828125 0.384375 0.15703125 0.15
0 0.86484375 0.2046875 0.1796875 0.1484375
0 0.9140625 0.04375 0.10390625 0.08671875
0 0.7 0.0734375 0.15859375 0.146875
0 0.528125 0.078125 0.1078125 0.15625
0 0.31796875 0.09375 0.16171875 0.17421875
0 0.1171875 0.08203125 0.20859375 0.16171875
0 0.4125 0.98359375 0.06484375 0.0328125