0 0.084375 0.2015625 0.1609375 0.13984375
0 0.18359375 0.34609375 0.1890625 0.15234375
0 0.19296875 0.49609375 0.23359375 0.1546875
0 0.1640625 0.66953125 0.22109375 0.16953125
0 0.046875 0.8203125 0.09375 0.15546875
0 0.1734375 0.8296875 0.15703125 0.16875
0 0.34609375 0.821875 0.16953125 0.1671875
0 0.53125 0.8359375 0.1796875 0.178125
0 0.378125 0.66640625 0.109375 0.11953125
0 0.5296875 0.66796875 0.196875 0.134375
0 0.74296875 0.675 0.196875 0.1828125
0 0.73828125 0.80703125 0.1875 0.11484375
0 0.92109375 0.6671875 0.15546875 0.153125
0 0.91015625 0.94921875 0.1671875 0.10078125
0 0.93203125 0.48515625 0.13515625 0.20078125
0 0.759375 0.5109375 0.209375 0.153125
0 0.82109375 0.3515625 0.17421875 0.15546875
0 0.640625 0.340625 0.19609375 0.134375
0 0.58828125 0.49453125 0.13203125 0.1859375
0 0.415625 0.36015625 0.2125 0.13515625
0 0.42421875 0.51171875 0.184375 0.140625
0 0.02890625 0.33671875 0.0578125 0.0609375
0 0.02265625 0.46796875 0.0453125 0.0953125
0 0.73046875 0.9546875 0.1796875 0.090625
0 0.48125 0.19296875 0.1765625 0.159375
0 0.50859375 0.0140625 0.075 0.028125
0 0.65703125 0.06328125 0.15859375 0.12109375
0 0.80703125 0.0640625 0.13984375 0.1265625
0 0.9390625 0.0703125 0.1125 0.1390625