0 0.82421875 0.44296875 0.1375 0.1109375
0 0.565625 0.4859375 0.23125 0.14296875
0 0.34375 0.5 0.19921875 0.15703125
0 0.13046875 0.5171875 0.22109375 0.14765625
0 0.06015625 0.325 0.1203125 0.12421875
0 0.1875 0.33671875 0.13125 0.13515625
0 0.40390625 0.3328125 0.25703125 0.1640625
0 0.6296875 0.32109375 0.16328125 0.1234375
0 0.8546875 0.32421875 0.15078125 0.09296875
0 0.96796875 0.296875 0.0640625 0.10234375
0 0.93046875 0.14921875 0.1390625 0.1265625
0 0.675 0.15703125 0.27578125 0.1890625
0 0.46328125 0.14921875 0.1515625 0.19765625
0 0.26953125 0.1421875 0.23359375 0.19453125
0 0.0875 0.17421875 0.175 0.17265625
0 0.0875 0.66796875 0.175 0.134375
0 0.24375 0.6671875 0.15 0.15625
0 0.44140625 0.64453125 0.23515625 0.14453125
0 0.67265625 0.6453125 0.1875 0.165625
0 0.45859375 0.80234375 0.17578125 0.15625
0 0.23984375 0.82890625 0.1875 0.16015625
0 0.071875 0.83828125 0.14296875 0.14375
0 0.03359375 0.97265625 0.059375 0.05390625
0 0.359375 0.97578125 0.0578125 0.0484375
0 0.609375 0.93671875 0.1765625 0.1265625
0 0.67734375 0.7828125 0.19296875 0.103125
0 0.7828125 0.934375 0.15 0.13125
0 0.9015625 0.78984375 0.196875 0.1515625
0 0.9421875 0.9390625 0.115625 0.11875
0 0.88828125 0.61015625 0.1609375 0.15
0 0.95234375 0.47421875 0.0953125 0.11953125
0 0.90234375 0.03515625 0.0921875 0.0703125