0 0.73359375 0.77265625 0.16953125 0.1734375
0 0.7859375 0.93046875 0.2 0.1390625
0 0.67578125 0.6109375 0.19609375 0.1625
0 0.68515625 0.4390625 0.14140625 0.1515625
0 0.66796875 0.31171875 0.1828125 0.1640625
0 0.48828125 0.1421875 0.2078125 0.18359375
0 0.34140625 0.06484375 0.1640625 0.1296875
0 0.52578125 0.05390625 0.1796875 0.1078125
0 0.7078125 0.06953125 0.175 0.1390625
0 0.890625 0.04140625 0.171875 0.0828125
0 0.98359375 0.159375 0.0328125 0.1
0 0.86328125 0.3015625 0.14453125 0.13203125
0 0.87109375 0.43046875 0.14609375 0.13671875
0 0.97421875 0.42109375 0.0515625 0.1296875
0 0.875 0.609375 0.21015625 0.1828125
0 0.93046875 0.76953125 0.1390625 0.1328125
0 0.96875 0.9265625 0.059375 0.146875
0 0.58203125 0.93828125 0.1734375 0.1234375
0 0.32734375 0.79765625 0.1890625 0.18984375
0 0.146875 0.96171875 0.20625 0.0765625
0 0.128125 0.82421875 0.16875 0.1625
0 0.02421875 0.63125 0.0484375 0.1125
0 0.11328125 0.65234375 0.09609375 0.11171875
0 0.03671875 0.48828125 0.0734375 0.1515625
0 0.1796875 0.48515625 0.20078125 0.16640625
0 0.29765625 0.60625 0.1671875 0.17265625
0 0.49140625 0.45390625 0.1671875 0.1609375
0 0.4953125 0.609375 0.12734375 0.14453125
0 0.24140625 0.346875 0.159375 0.16875
0 0.0984375 0.31015625 0.10390625 0.14609375
0 0.03046875 0.06484375 0.0609375 0.1296875
0 0.16015625 0.0578125 0.15390625 0.11484375