0 0.45234375 0.3109375 0.11328125 0.12578125
0 0.265625 0.35 0.17109375 0.140625
0 0.08359375 0.36015625 0.13046875 0.10703125
0 0.63828125 0.2984375 0.1578125 0.1265625
0 0.8265625 0.30625 0.1171875 0.1109375
0 0.97109375 0.303125 0.05703125 0.075
0 0.9703125 0.1640625 0.059375 0.1
0 0.8515625 0.14140625 0.153125 0.125
0 0.86484375 0.0359375 0.11328125 0.06953125
0 0.67890625 0.04140625 0.0921875 0.0828125
0 0.65546875 0.1515625 0.1546875 0.14765625
0 0.45703125 0.14296875 0.15703125 0.1359375
0 0.45703125 0.03515625 0.1453125 0.0703125
0 0.28046875 0.0421875 0.1265625 0.084375
0 0.071875 0.046875 0.14375 0.09375
0 0.1140625 0.20546875 0.16875 0.1703125
0 0.1078125 0.50078125 0.1625 0.14921875
0 0.2984375 0.5 0.11171875 0.096875
0 0.5578125 0.4328125 0.090625 0.10390625
0 0.5140625 0.5328125 0.13125 0.10546875
0 0.684375 0.4171875 0.09375 0.10546875
0 0.89765625 0.4421875 0.1359375 0.1453125
0 0.91796875 0.6140625 0.1546875 0.13515625
0 0.88984375 0.76640625 0.109375 0.15
0 0.965625 0.93046875 0.06875 0.0671875
0 0.759375 0.88515625 0.13203125 0.15703125
0 0.57734375 0.91953125 0.1296875 0.15546875
0 0.40546875 0.9328125 0.1671875 0.134375
0 0.321875 0.79140625 0.14375 0.14921875
0 0.4859375 0.62578125 0.1234375 0.10078125
0 0.69375 0.621875 0.1703125 0.16171875
0 0.3 0.615625 0.14375 0.13515625
0 0.15078125 0.6421875 0.1203125 0.13203125
0 0.03203125 0.66484375 0.0625 0.14296875
0 0.1109375 0.815625 0.16328125 0.146875
0 0.025 0.965625 0.05 0.06875
0 0.18671875 0.946875 0.1453125 0.10625
0 0.97734375 0.72890625 0.0453125 0.0671875