0 0.2796875 0.34453125 0.21328125 0.1875
0 0.0921875 0.38046875 0.1765625 0.2046875
0 0.4984375 0.30546875 0.1625 0.1375
0 0.684375 0.2890625 0.21328125 0.15234375
0 0.90234375 0.2671875 0.19453125 0.14609375
0 0.92109375 0.10078125 0.1578125 0.19609375
0 0.7734375 0.09453125 0.1890625 0.18046875
0 0.553125 0.034375 0.2171875 0.06875
0 0.36171875 0.03671875 0.1546875 0.0734375
0 0.171875 0.04140625 0.153125 0.0828125
0 0.0296875 0.021875 0.059375 0.04375
0 0.11328125 0.1765625 0.2265625 0.175
0 0.47109375 0.49296875 0.20703125 0.17421875
0 0.0578125 0.521875 0.115625 0.09375
0 0.02890625 0.67265625 0.0578125 0.13203125
0 0.06171875 0.83125 0.11796875 0.1296875
0 0.04453125 0.9765625 0.08671875 0.046875
0 0.18671875 0.9765625 0.109375 0.046875
0 0.3859375 0.97421875 0.0875 0.0515625
0 0.590625 0.9609375 0.171875 0.078125
0 0.78984375 0.94765625 0.16640625 0.10390625
0 0.9375 0.765625 0.125 0.190625
0 0.9375 0.596875 0.125 0.1625
0 0.85703125 0.4078125 0.1 0.0640625
0 0.8046875 0.5046875 0.09375 0.08671875
0 0.97109375 0.51484375 0.05703125 0.078125
0 0.76875 0.63359375 0.1625 0.159375
0 0.58828125 0.640625 0.1578125 0.21328125
0 0.3953125 0.68671875 0.20625 0.15234375
0 0.4375 0.8453125 0.18515625 0.22265625
0 0.6328125 0.8359375 0.15 0.11796875
0 0.79765625 0.7984375 0.1359375 0.16796875
0 0.22421875 0.8640625 0.228125 0.1921875
0 0.140625 0.675 0.16171875 0.1484375