0 0.09140625 0.096875 0.171875 0.14921875
0 0.29921875 0.09609375 0.1421875 0.14453125
0 0.4859375 0.0390625 0.15390625 0.078125
0 0.515625 0.1265625 0.13203125 0.13671875
0 0.72890625 0.06796875 0.12890625 0.13046875
0 0.925 0.0734375 0.15 0.146875
0 0.94296875 0.21796875 0.1140625 0.1671875
0 0.97421875 0.35859375 0.0515625 0.0921875
0 0.7875 0.21640625 0.1578125 0.203125
0 0.60703125 0.2453125 0.16640625 0.2015625
0 0.21171875 0.25859375 0.2140625 0.203125
0 0.040625 0.2484375 0.08125 0.1375
0 0.03359375 0.40546875 0.0671875 0.14375
0 0.40078125 0.38828125 0.14609375 0.1640625
0 0.65234375 0.42421875 0.12890625 0.13515625
0 0.8125 0.3734375 0.14296875 0.16171875
0 0.9046875 0.5046875 0.18515625 0.165625
0 0.68046875 0.5578125 0.171875 0.15546875
0 0.53203125 0.5359375 0.11015625 0.17109375
0 0.3828125 0.56484375 0.15 0.15859375
0 0.18125 0.57890625 0.15859375 0.16328125
0 0.0265625 0.57734375 0.05234375 0.17578125
0 0.05234375 0.7671875 0.10390625 0.1796875
0 0.02265625 0.971875 0.0453125 0.05625
0 0.15703125 0.95625 0.1546875 0.0875
0 0.3421875 0.959375 0.16875 0.08125
0 0.2703125 0.865625 0.1609375 0.146875
0 0.26875 0.6921875 0.175 0.14921875
0 0.446875 0.69375 0.1734375 0.15703125
0 0.4390625 0.84296875 0.1765625 0.14921875
0 0.5234375 0.95859375 0.13203125 0.0828125
0 0.71015625 0.965625 0.1328125 0.06875
0 0.88125 0.953125 0.175 0.09375
0 0.63359375 0.84921875 0.1203125 0.14453125
0 0.628125 0.70703125 0.15703125 0.15078125
0 0.790625 0.6828125 0.1359375 0.128125
0 0.8265625 0.81953125 0.1390625 0.15703125
0 0.9421875 0.6609375 0.115625 0.171875
0 0.95078125 0.821875 0.0984375 0.153125