0 0.07265625 0.4328125 0.140625 0.15
0 0.23515625 0.4265625 0.15 0.1765625
0 0.4109375 0.428125 0.12890625 0.1375
0 0.66875 0.39921875 0.18515625 0.1453125
0 0.9484375 0.54765625 0.103125 0.1140625
0 0.95 0.36328125 0.1 0.1390625
0 0.65234375 0.14609375 0.1578125 0.15859375
0 0.9796875 0.125 0.040625 0.08125
0 0.0515625 0.134375 0.10234375 0.1359375
0 0.11796875 0.25625 0.12890625 0.1078125
0 0.07734375 0.03203125 0.1546875 0.0640625
0 0.24609375 0.02109375 0.11796875 0.0421875
0 0.40078125 0.02734375 0.0859375 0.0546875
0 0.78125 0.01953125 0.06328125 0.0390625
0 0.06015625 0.60078125 0.1203125 0.16171875
0 0.2078125 0.56328125 0.1234375 0.090625
0 0.40546875 0.57890625 0.1828125 0.14921875
0 0.6484375 0.55078125 0.20078125 0.15546875
0 0.8734375 0.71171875 0.1453125 0.15625
0 0.69765625 0.71171875 0.1484375 0.1421875
0 0.4546875 0.72578125 0.1265625 0.13125
0 0.309375 0.73515625 0.15390625 0.14453125
0 0.11015625 0.74296875 0.1234375 0.12890625
0 0.0484375 0.92421875 0.08984375 0.14375
0 0.21171875 0.88515625 0.1578125 0.178125
0 0.421875 0.90390625 0.17421875 0.15546875
0 0.61640625 0.8984375 0.1765625 0.17734375
0 0.82890625 0.8828125 0.12109375 0.1328125
0 0.87109375 0.97265625 0.16015625 0.05390625