0 0.05234375 0.26640625 0.1 0.1203125
0 0.5390625 0.4125 0.09609375 0.1125
0 0.72265625 0.3515625 0.09453125 0.1015625
0 0.9359375 0.3296875 0.12265625 0.14296875
0 0.98671875 0.46484375 0.02578125 0.0640625
0 0.7328125 0.5359375 0.1390625 0.128125
0 0.521875 0.546875 0.15546875 0.1203125
0 0.30390625 0.459375 0.15859375 0.12109375
0 0.31328125 0.58828125 0.146875 0.11796875
0 0.103125 0.559375 0.15234375 0.13359375
0 0.06171875 0.79765625 0.11796875 0.16953125
0 0.21328125 0.865625 0.1375 0.1640625
0 0.21640625 0.98046875 0.0890625 0.03828125
0 0.3375 0.97734375 0.078125 0.0453125
0 0.52109375 0.9734375 0.1140625 0.053125
0 0.734375 0.946875 0.1625 0.10625
0 0.9109375 0.9453125 0.14375 0.109375
0 0.4640625 0.88671875 0.1390625 0.09765625
0 0.61796875 0.871875 0.140625 0.14453125
0 0.83984375 0.81875 0.1546875 0.14765625
0 0.76171875 0.68359375 0.1515625 0.16640625
0 0.5921875 0.696875 0.15703125 0.17890625
0 0.4140625 0.73203125 0.17265625 0.18671875