0 0.7671875 0.91015625 0.1265625 0.125
0 0.5390625 0.8875 0.1609375 0.12109375
0 0.3140625 0.825 0.1140625 0.1078125
0 0.16875 0.6546875 0.16171875 0.15625
0 0.384375 0.62890625 0.153125 0.14140625
0 0.1125 0.46875 0.171875 0.1515625
0 0.278125 0.31640625 0.09296875 0.0984375
0 0.48125 0.36015625 0.11328125 0.13046875
0 0.35 0.47109375 0.0984375 0.090625
0 0.57109375 0.496875 0.0859375 0.06484375
0 0.93515625 0.70625 0.1296875 0.146875
0 0.88671875 0.49296875 0.15078125 0.1140625
0 0.6328125 0.69140625 0.1390625 0.12578125
0 0.97421875 0.1546875 0.0515625 0.13046875
0 0.94921875 0.94375 0.06875 0.0546875
0 0.03046875 0.88046875 0.05859375 0.05703125
0 0.70390625 0.51953125 0.08984375 0.06796875