0 0.35078125 0.55234375 0.1109375 0.10546875
0 0.14765625 0.528125 0.10859375 0.1015625
0 0.02109375 0.5109375 0.0421875 0.09296875
0 0.84921875 0.803125 0.15390625 0.1578125
0 0.85078125 0.984375 0.08828125 0.03125
0 0.64765625 0.9671875 0.1265625 0.065625
0 0.384375 0.97265625 0.10390625 0.05390625
0 0.12890625 0.74453125 0.1421875 0.13359375
0 0.3515625 0.7671875 0.13046875 0.10859375
0 0.53359375 0.7515625 0.09609375 0.10859375
0 0.73984375 0.37421875 0.15625 0.12421875
0 0.97421875 0.39765625 0.0515625 0.11328125
0 0.29765625 0.290625 0.14609375 0.1421875
0 0.38515625 0.15 0.1234375 0.1390625
0 0.06953125 0.3015625 0.1390625 0.15
0 0.18671875 0.11875 0.140625 0.14921875
0 0.64453125 0.12578125 0.13046875 0.12421875
0 0.521875 0.3296875 0.1234375 0.128125
0 0.93125 0.1296875 0.1375 0.1375