0 0.23515625 0.35 0.1609375 0.18046875
0 0.04921875 0.178125 0.0984375 0.13125
0 0.446875 0.07265625 0.22421875 0.1453125
0 0.48046875 0.28203125 0.203125 0.1671875
0 0.721875 0.17265625 0.17421875 0.17265625
0 0.67734375 0.01640625 0.1171875 0.0328125
0 0.9421875 0.0796875 0.115625 0.159375
0 0.06875 0.5078125 0.1375 0.15625
0 0.17421875 0.61171875 0.17265625 0.1078125
0 0.04921875 0.91875 0.0984375 0.1625
0 0.2578125 0.78359375 0.17890625 0.18984375
0 0.44140625 0.73359375 0.21328125 0.16640625
0 0.390625 0.53671875 0.07734375 0.12265625
0 0.671875 0.51796875 0.246875 0.27734375
0 0.8265625 0.37734375 0.16015625 0.22109375
0 0.953125 0.26796875 0.09375 0.1890625
0 0.9625 0.55234375 0.075 0.1203125
0 0.83359375 0.8484375 0.16796875 0.14140625
0 0.5265625 0.89921875 0.125 0.10859375
0 0.27109375 0.96328125 0.134375 0.07265625
0 0.41484375 0.96640625 0.1140625 0.0671875
0 0.640625 0.925 0.1625 0.15
0 0.89140625 0.95625 0.16171875 0.0859375