0 0.21875 0.55390625 0.1765625 0.128125
0 0.284375 0.69453125 0.12265625 0.11953125
0 0.07265625 0.74296875 0.1453125 0.175
0 0.07578125 0.909375 0.13203125 0.1265625
0 0.32734375 0.91484375 0.153125 0.159375
0 0.51015625 0.90703125 0.10859375 0.13046875
0 0.5234375 0.75703125 0.16015625 0.15078125
0 0.48984375 0.60078125 0.1515625 0.16171875
0 0.20078125 0.34453125 0.1265625 0.13359375
0 0.10859375 0.14140625 0.1265625 0.11015625
0 0.38046875 0.02578125 0.14296875 0.0515625
0 0.4125 0.22734375 0.146875 0.1265625
0 0.8984375 0.46640625 0.203125 0.1765625
0 0.8171875 0.67421875 0.165625 0.15625
0 0.7234375 0.7890625 0.10390625 0.07890625
0 0.7671875 0.9625 0.090625 0.075
0 0.95078125 0.8453125 0.0984375 0.08125
0 0.84375 0.24296875 0.12265625 0.1109375
0 0.65 0.04140625 0.21875 0.08046875
0 0.834375 0.02578125 0.0953125 0.0515625