0 0.2859375 0.57578125 0.21171875 0.19453125
0 0.078125 0.7359375 0.15625 0.19375
0 0.11953125 0.8921875 0.1859375 0.14296875
0 0.684375 0.9125 0.253125 0.175
0 0.90625 0.88828125 0.1875 0.2234375
0 0.89453125 0.6359375 0.21015625 0.240625
0 0.61953125 0.72734375 0.23359375 0.2390625
0 0.56484375 0.521875 0.17578125 0.16328125
0 0.81640625 0.42265625 0.209375 0.1984375
0 0.2625 0.39140625 0.1453125 0.1265625
0 0.078125 0.49296875 0.15625 0.2453125
0 0.03203125 0.2734375 0.0640625 0.115625
0 0.11015625 0.05078125 0.18671875 0.10078125
0 0.21328125 0.19375 0.27890625 0.2546875
0 0.4875 0.11953125 0.2140625 0.2390625
0 0.54453125 0.31328125 0.18515625 0.18203125
0 0.75546875 0.08359375 0.20234375 0.16640625
0 0.96640625 0.034375 0.0671875 0.06875
0 0.97421875 0.16328125 0.0515625 0.1734375
0 0.471875 0.95625 0.14375 0.0875