0 0.146875 0.3921875 0.23125 0.25625
0 0.06328125 0.03046875 0.1265625 0.0609375
0 0.24609375 0.16171875 0.20625 0.1875
0 0.4109375 0.325 0.2203125 0.215625
0 0.375 0.559375 0.2328125 0.21875
0 0.60234375 0.46484375 0.19375 0.19921875
0 0.6703125 0.24140625 0.19296875 0.190625
0 0.4828125 0.0703125 0.19375 0.140625
0 0.86171875 0.11640625 0.1390625 0.14296875
0 0.85078125 0.3390625 0.190625 0.20625
0 0.940625 0.51953125 0.11875 0.1984375
0 0.96875 0.78359375 0.0625 0.1109375
0 0.80703125 0.79375 0.1859375 0.25234375
0 0.89140625 0.9515625 0.1828125 0.096875
0 0.54921875 0.928125 0.1890625 0.14375
0 0.565625 0.753125 0.1921875 0.16875
0 0.2734375 0.8 0.19765625 0.2
0 0.3421875 0.934375 0.221875 0.13125
0 0.08125 0.940625 0.159375 0.11875
0 0.01875 0.5046875 0.03671875 0.09765625
0 0.0234375 0.284375 0.046875 0.209375