0 0.4625 0.28046875 0.278125 0.17734375
0 0.215625 0.3734375 0.18203125 0.14296875
0 0.06484375 0.44765625 0.1109375 0.10859375
0 0.79375 0.17890625 0.240625 0.19921875
0 0.95234375 0.08671875 0.0953125 0.15625
0 0.72421875 0.03671875 0.1421875 0.0734375
0 0.478125 0.04765625 0.1109375 0.08984375
0 0.240625 0.128125 0.12890625 0.134375
0 0.11484375 0.21640625 0.2296875 0.2078125
0 0.11015625 0.615625 0.21953125 0.16328125
0 0.33515625 0.56484375 0.25234375 0.17890625
0 0.63671875 0.46953125 0.25625 0.20703125
0 0.903125 0.37109375 0.19375 0.1578125
0 0.778125 0.64765625 0.17265625 0.17421875
0 0.5453125 0.73671875 0.13046875 0.0734375
0 0.27265625 0.78671875 0.1109375 0.08828125
0 0.05703125 0.93046875 0.1140625 0.1234375
0 0.38515625 0.94921875 0.05234375 0.0609375
0 0.784375 0.84921875 0.16640625 0.190625
0 0.95 0.7578125 0.1 0.190625
0 0.9546875 0.95625 0.090625 0.0875
0 0.8203125 0.97578125 0.1046875 0.0484375