0 0.3796875 0.6421875 0.259375 0.228125
0 0.38671875 0.80546875 0.128125 0.1109375
0 0.40859375 0.95390625 0.1703125 0.0921875
0 0.31796875 0.41875 0.184375 0.20625
0 0.2765625 0.1859375 0.190625 0.19609375
0 0.22421875 0.040625 0.11875 0.08125
0 0.034375 0.0578125 0.06875 0.11484375
0 0.07265625 0.25625 0.1453125 0.20703125
0 0.03203125 0.5390625 0.0640625 0.140625
0 0.1 0.7203125 0.2 0.20234375
0 0.10546875 0.90234375 0.14296875 0.1625
0 0.89140625 0.92578125 0.1046875 0.1296875
0 0.85546875 0.72890625 0.15703125 0.13203125
0 0.8140625 0.509375 0.12109375 0.15234375
0 0.8015625 0.25625 0.11796875 0.1265625
0 0.74609375 0.06875 0.1390625 0.1375
0 0.92734375 0.0578125 0.12578125 0.11484375
0 0.96328125 0.53515625 0.07265625 0.096875