0 0.1984375 0.5609375 0.26640625 0.26484375
0 0.0921875 0.8734375 0.184375 0.253125
0 0.290625 0.771875 0.1953125 0.18125
0 0.37265625 0.9328125 0.2453125 0.134375
0 0.65546875 0.94375 0.1859375 0.1125
0 0.85546875 0.97890625 0.17421875 0.04140625
0 0.8921875 0.87265625 0.1921875 0.1609375
0 0.8578125 0.6390625 0.2328125 0.24140625
0 0.5765625 0.70703125 0.3046875 0.30390625
0 0.4796875 0.4984375 0.18359375 0.159375
0 0.33671875 0.35390625 0.23125 0.2109375
0 0.06171875 0.24921875 0.1234375 0.3
0 0.23984375 0.1171875 0.2609375 0.234375
0 0.53203125 0.0828125 0.24921875 0.16484375
0 0.5421875 0.25546875 0.2921875 0.21953125
0 0.7515625 0.421875 0.203125 0.225
0 0.83359375 0.03125 0.1734375 0.0625