0 0.065625 0.33984375 0.13046875 0.1546875
0 0.06953125 0.146875 0.1390625 0.2
0 0.03515625 0.01796875 0.0703125 0.0359375
0 0.1625 0.778125 0.178125 0.17578125
0 0.22109375 0.946875 0.1546875 0.10625
0 0.65234375 0.6375 0.13203125 0.11015625
0 0.5328125 0.2765625 0.10859375 0.10390625
0 0.49765625 0.06875 0.10703125 0.12109375
0 0.77421875 0.7828125 0.10234375 0.1140625
0 0.72734375 0.9765625 0.1109375 0.046875
0 0.8375 0.6171875 0.07890625 0.07578125
0 0.8984375 0.43984375 0.1015625 0.10703125
0 0.9765625 0.828125 0.046875 0.0515625
0 0.765625 0.05859375 0.09453125 0.084375