0 0.34296875 0.265625 0.16484375 0.16796875
0 0.1515625 0.45 0.1390625 0.14296875
0 0.0953125 0.2640625 0.16796875 0.18203125
0 0.09609375 0.053125 0.1125 0.10625
0 0.340625 0.06171875 0.08203125 0.0609375
0 0.54140625 0.05546875 0.1546875 0.1109375
0 0.6015625 0.28359375 0.1890625 0.175
0 0.64765625 0.4859375 0.1109375 0.1109375
0 0.12109375 0.63984375 0.140625 0.1296875
0 0.3828125 0.69765625 0.14609375 0.1140625
0 0.51015625 0.69375 0.12265625 0.09609375
0 0.81875 0.74375 0.140625 0.11015625
0 0.94453125 0.78671875 0.1109375 0.14453125
0 0.703125 0.93125 0.1625 0.1375
0 0.47265625 0.9296875 0.1578125 0.140625
0 0.89140625 0.346875 0.2125 0.16875
0 0.890625 0.0875 0.21875 0.15
0 0.69140625 0.0625 0.1546875 0.125
0 0.828125 0.565625 0.12890625 0.10703125
0 0.14609375 0.95234375 0.15390625 0.09296875