0 0.5890625 0.94453125 0.1875 0.1109375
0 0.6015625 0.8265625 0.215625 0.23125
0 0.48515625 0.4421875 0.17890625 0.16953125
0 0.4640625 0.2109375 0.2359375 0.20625
0 0.42421875 0.05078125 0.2015625 0.1015625
0 0.19140625 0.09453125 0.2203125 0.1890625
0 0.21640625 0.30078125 0.2734375 0.2578125
0 0.22890625 0.5109375 0.19765625 0.178125
0 0.3515625 0.6796875 0.2125 0.16328125
0 0.33515625 0.90234375 0.1484375 0.190625
0 0.121875 0.7046875 0.24375 0.265625
0 0.14140625 0.92265625 0.2203125 0.1546875
0 0.015625 0.90390625 0.03125 0.1375
0 0.0375 0.4 0.075 0.175
0 0.0234375 0.15859375 0.046875 0.1921875
0 0.97265625 0.74375 0.05390625 0.09296875
0 0.940625 0.50390625 0.11875 0.1296875
0 0.9265625 0.3109375 0.103125 0.09140625
0 0.93125 0.128125 0.08515625 0.08046875