0 0.27734375 0.26796875 0.165625 0.20625
0 0.36796875 0.41484375 0.221875 0.20625
0 0.56953125 0.12734375 0.21953125 0.22421875
0 0.60859375 0.32578125 0.20625 0.1921875
0 0.65078125 0.553125 0.1921875 0.22421875
0 0.38359375 0.64921875 0.1734375 0.20625
0 0.4515625 0.87265625 0.225 0.2421875
0 0.71328125 0.78359375 0.2375 0.21015625
0 0.75078125 0.9671875 0.1609375 0.065625
0 0.95859375 0.94375 0.0828125 0.1125
0 0.92265625 0.68828125 0.1546875 0.2046875
0 0.88984375 0.5171875 0.08046875 0.09140625
0 0.85546875 0.24609375 0.15546875 0.1921875
0 0.80390625 0.0828125 0.21953125 0.16484375
0 0.12421875 0.55546875 0.19453125 0.19921875
0 0.1109375 0.784375 0.15703125 0.17421875
0 0.11484375 0.9640625 0.2296875 0.071875