0 0.35078125 0.44609375 0.19921875 0.2015625
0 0.13359375 0.3140625 0.25078125 0.21328125
0 0.05546875 0.10234375 0.1109375 0.17109375
0 0.28046875 0.078125 0.28984375 0.15625
0 0.596875 0.1046875 0.175 0.1765625
0 0.86171875 0.0640625 0.2359375 0.1203125
0 0.7953125 0.27578125 0.1484375 0.1484375
0 0.57578125 0.3453125 0.175 0.1859375
0 0.52890625 0.58515625 0.16640625 0.14609375
0 0.7359375 0.52421875 0.12109375 0.1546875
0 0.9421875 0.48125 0.115625 0.203125
0 0.97421875 0.690625 0.0515625 0.07421875
0 0.7390625 0.7703125 0.21796875 0.16328125
0 0.9390625 0.8859375 0.121875 0.1875
0 0.50546875 0.81484375 0.21328125 0.20625
0 0.303125 0.91640625 0.2125 0.1625
0 0.09140625 0.9375 0.171875 0.125
0 0.12265625 0.5734375 0.18671875 0.13828125
0 0.27109375 0.7 0.23359375 0.2078125
0 0.059375 0.7734375 0.11875 0.178125