0 0.36875 0.6375 0.07890625 0.08046875
0 0.34296875 0.38359375 0.0953125 0.09140625
0 0.37109375 0.19609375 0.1265625 0.15703125
0 0.62421875 0.2046875 0.14296875 0.1765625
0 0.61875 0.43046875 0.1359375 0.12890625
0 0.6421875 0.67734375 0.071875 0.071875
0 0.48125 0.84453125 0.09921875 0.09296875
0 0.95703125 0.85 0.08515625 0.10078125
0 0.94453125 0.6265625 0.1109375 0.13125
0 0.91953125 0.43203125 0.1609375 0.1828125
0 0.92109375 0.01953125 0.09921875 0.0390625
0 0.02578125 0.69765625 0.05 0.1515625
0 0.025 0.959375 0.05 0.08125