0 0.65234375 0.79375 0.24609375 0.21875
0 0.7609375 0.93671875 0.25625 0.1265625
0 0.953125 0.86953125 0.09375 0.1984375
0 0.9 0.68203125 0.2 0.1828125
0 0.875 0.42109375 0.25 0.2390625
0 0.69453125 0.56171875 0.2296875 0.22890625
0 0.6671875 0.2953125 0.23046875 0.2
0 0.83984375 0.0546875 0.2421875 0.109375
0 0.54921875 0.09765625 0.278125 0.1953125
0 0.303125 0.15546875 0.25546875 0.178125
0 0.40546875 0.34765625 0.21171875 0.178125
0 0.04140625 0.078125 0.0828125 0.15625
0 0.3734375 0.85078125 0.246875 0.190625
0 0.38671875 0.640625 0.2734375 0.21640625
0 0.4921875 0.971875 0.13125 0.05625
0 0.17109375 0.74765625 0.21796875 0.20078125
0 0.0421875 0.81484375 0.07734375 0.1953125
0 0.190625 0.4640625 0.1859375 0.16171875
0 0.13203125 0.30625 0.2640625 0.23515625