0 0.44453125 0.47734375 0.1734375 0.2125
0 0.3484375 0.275 0.228125 0.23046875
0 0.1046875 0.1015625 0.1890625 0.203125
0 0.10546875 0.346875 0.2109375 0.2484375
0 0.1734375 0.5796875 0.2421875 0.21484375
0 0.0828125 0.871875 0.165625 0.25625
0 0.2625 0.94140625 0.2125 0.1171875
0 0.28125 0.77265625 0.18359375 0.1890625
0 0.52421875 0.6984375 0.1859375 0.209375
0 0.5296875 0.9078125 0.1796875 0.18359375
0 0.78515625 0.83125 0.2421875 0.209375
0 0.83125 0.9578125 0.234375 0.084375
0 0.96484375 0.740625 0.0703125 0.1875
0 0.76640625 0.62421875 0.2015625 0.1859375
0 0.9375 0.49140625 0.125 0.228125
0 0.7125 0.37578125 0.203125 0.1859375
0 0.9234375 0.31171875 0.15234375 0.1859375
0 0.61328125 0.1984375 0.18359375 0.1890625
0 0.378125 0.0703125 0.290625 0.140625
0 0.62890625 0.034375 0.09765625 0.06875
0 0.88359375 0.1078125 0.2328125 0.215625