0 0.67890625 0.528125 0.1265625 0.109375
0 0.7828125 0.5984375 0.09296875 0.10625
0 0.884375 0.6921875 0.09765625 0.11796875
0 0.96328125 0.771875 0.0734375 0.115625
0 0.4109375 0.33984375 0.0859375 0.0890625
0 0.16484375 0.1515625 0.13046875 0.11171875
0 0.0828125 0.053125 0.1 0.10625
0 0.22265625 0.03515625 0.10703125 0.0703125
0 0.2984375 0.10859375 0.10234375 0.15234375
0 0.36171875 0.03046875 0.0875 0.059375
0 0.45625 0.0765625 0.11484375 0.11171875
0 0.43203125 0.19609375 0.14296875 0.125
0 0.5671875 0.14921875 0.12109375 0.14296875
0 0.684375 0.10390625 0.0921875 0.0859375
0 0.790625 0.07265625 0.10078125 0.121875
0 0.7203125 0.0171875 0.0828125 0.034375
0 0.87734375 0.18203125 0.09375 0.08984375
0 0.82265625 0.36015625 0.1125 0.09375
0 0.66171875 0.3921875 0.14609375 0.1234375
0 0.728125 0.47109375 0.0578125 0.05546875
0 0.81875 0.471875 0.1046875 0.0984375
0 0.94296875 0.40390625 0.1140625 0.1328125
0 0.92421875 0.3375 0.07109375 0.06171875
0 0.9359375 0.53359375 0.0890625 0.084375
0 0.94296875 0.90703125 0.1140625 0.1203125
0 0.96875 0.98203125 0.0625 0.0359375
0 0.80625 0.96640625 0.140625 0.0671875
0 0.53046875 0.89921875 0.08359375 0.0890625
0 0.61875 0.89765625 0.0765625 0.0890625
0 0.7015625 0.8515625 0.0984375 0.084375
0 0.3703125 0.93203125 0.09140625 0.0765625
0 0.39375 0.82734375 0.11328125 0.13046875
0 0.5171875 0.68046875 0.14296875 0.1328125
0 0.44296875 0.465625 0.11171875 0.12890625
0 0.30703125 0.496875 0.1390625 0.13046875
0 0.2796875 0.359375 0.071875 0.08125
0 0.14453125 0.3703125 0.1140625 0.09453125
0 0.1671875 0.275 0.065625 0.08125
0 0.04921875 0.30078125 0.0984375 0.0703125
0 0.0390625 0.20390625 0.078125 0.103125
0 0.16640625 0.65546875 0.0875 0.1109375
0 0.115625 0.52578125 0.1109375 0.10546875
0 0.02421875 0.59296875 0.04765625 0.0828125
0 0.1609375 0.7765625 0.08125 0.10234375
0 0.240625 0.88359375 0.09765625 0.10859375
0 0.25625 0.74375 0.10390625 0.09609375
0 0.30859375 0.609375 0.0765625 0.08515625
0 0.090625 0.76328125 0.0859375 0.12890625
0 0.5921875 0.809375 0.08359375 0.1