0 0.628125 0.3015625 0.0890625 0.103125
0 0.62890625 0.45 0.1984375 0.1546875
0 0.75078125 0.30078125 0.1359375 0.146875
0 0.86484375 0.51171875 0.09375 0.09765625
0 0.853125 0.64921875 0.15390625 0.17109375
0 0.95703125 0.63828125 0.0859375 0.1921875
0 0.55078125 0.58125 0.0546875 0.06640625
0 0.6484375 0.55859375 0.0546875 0.0671875
0 0.74453125 0.54609375 0.1125 0.16171875
0 0.65390625 0.6734375 0.190625 0.13359375
0 0.71484375 0.8109375 0.2046875 0.14140625
0 0.90078125 0.81640625 0.1984375 0.1640625
0 0.53984375 0.803125 0.11875 0.115625
0 0.40703125 0.75859375 0.09296875 0.10859375
0 0.49296875 0.6953125 0.10703125 0.07578125
0 0.43515625 0.5671875 0.18671875 0.20546875
0 0.3109375 0.8390625 0.14921875 0.15859375
0 0.2078125 0.88046875 0.15859375 0.171875
0 0.08125 0.91171875 0.16171875 0.171875
0 0.04296875 0.65546875 0.08203125 0.184375
0 0.11171875 0.5953125 0.11015625 0.121875
0 0.17109375 0.72734375 0.19296875 0.16875
0 0.30625 0.68359375 0.09609375 0.06640625
0 0.25859375 0.571875 0.1671875 0.1421875
0 0.02265625 0.50234375 0.0453125 0.1078125
0 0.0625 0.3421875 0.12421875 0.15625
0 0.13671875 0.43203125 0.17734375 0.16328125
0 0.2203125 0.28671875 0.165625 0.1390625
0 0.07109375 0.19296875 0.1421875 0.1703125
0 0.26328125 0.4296875 0.08671875 0.12109375
0 0.38046875 0.37734375 0.1703125 0.1859375
0 0.4953125 0.33828125 0.16875 0.1625
0 0.3703125 0.253125 0.10390625 0.09765625
0 0.5296875 0.16328125 0.18046875 0.1703125
0 0.68515625 0.15625 0.11875 0.12734375
0 0.79921875 0.1171875 0.11640625 0.153125
0 0.8984375 0.07421875 0.1 0.14375
0 0.88671875 0.22890625 0.13984375 0.14296875
0 0.8484375 0.39140625 0.14453125 0.15546875
0 0.96015625 0.46875 0.0796875 0.1234375
0 0.3828125 0.1109375 0.12109375 0.1359375
0 0.1875 0.18125 0.11640625 0.10625
0 0.25078125 0.06015625 0.1234375 0.1203125
0 0.128125 0.059375 0.11015625 0.11875
0 0.0375 0.059375 0.075 0.09765625
0 0.7046875 0.04375 0.140625 0.0859375
0 0.525 0.03984375 0.190625 0.0796875
0 0.97734375 0.2125 0.04453125 0.13125
0 0.97421875 0.0859375 0.0515625 0.075