0 0.52734375 0.4203125 0.04140625 0.05703125
0 0.6046875 0.378125 0.04140625 0.06796875
0 0.4109375 0.2328125 0.04375 0.06796875
0 0.39921875 0.16640625 0.0453125 0.065625
0 0.26171875 0.31171875 0.065625 0.0921875
0 0.321875 0.27734375 0.02421875 0.05703125
0 0.16328125 0.15 0.06796875 0.0921875
0 0.05390625 0.1375 0.08515625 0.096875
0 0.0609375 0.05859375 0.08203125 0.078125
0 0.1296875 0.02421875 0.046875 0.0453125
0 0.528125 0.7671875 0.0796875 0.0796875
0 0.45859375 0.77890625 0.0453125 0.05546875
0 0.12734375 0.98359375 0.04375 0.0328125
0 0.546875 0.9578125 0.075 0.084375
0 0.5828125 0.87265625 0.08125 0.08671875
0 0.7578125 0.91796875 0.05859375 0.05234375
0 0.93359375 0.915625 0.03984375 0.05859375
0 0.83203125 0.8984375 0.0609375 0.08984375
0 0.7734375 0.79375 0.0640625 0.0765625
0 0.89453125 0.6828125 0.0484375 0.0625
0 0.72421875 0.64140625 0.05703125 0.07265625
0 0.70703125 0.528125 0.03515625 0.03984375
0 0.034375 0.85 0.06875 0.053125
0 0.0265625 0.6703125 0.053125 0.109375
0 0.02734375 0.54140625 0.0484375 0.03515625
0 0.665625 0.05859375 0.046875 0.06640625
0 0.58828125 0.028125 0.0546875 0.05625
0 0.525 0.15078125 0.04140625 0.04296875
0 0.66171875 0.2359375 0.034375 0.0484375
0 0.196875 0.240625 0.04375 0.0640625