0 0.37578125 0.10078125 0.1078125 0.11328125
0 0.5 0.1359375 0.09140625 0.0828125
0 0.6015625 0.2109375 0.11015625 0.10703125
0 0.50703125 0.24296875 0.10625 0.1140625
0 0.47421875 0.340625 0.09609375 0.09375
0 0.40859375 0.25703125 0.07734375 0.08125
0 0.29765625 0.19140625 0.11953125 0.0953125
0 0.3046875 0.0453125 0.10234375 0.08984375
0 0.0734375 0.0546875 0.09375 0.07109375
0 0.140625 0.13125 0.10078125 0.0734375
0 0.58046875 0.425 0.096875 0.07578125
0 0.6953125 0.49453125 0.10234375 0.075
0 0.8 0.56328125 0.11953125 0.1171875
0 0.971875 0.6359375 0.05625 0.084375
0 0.928125 0.55703125 0.14296875 0.1359375
0 0.8015625 0.46328125 0.0984375 0.0765625
0 0.69765625 0.4078125 0.0921875 0.0859375
0 0.596875 0.3234375 0.125 0.09765625
0 0.71796875 0.30625 0.10859375 0.103125
0 0.82265625 0.3703125 0.14296875 0.10390625
0 0.9171875 0.44140625 0.0796875 0.078125
0 0.975 0.44921875 0.04921875 0.065625
0 0.94140625 0.34296875 0.1171875 0.0890625
0 0.83984375 0.275 0.1171875 0.084375
0 0.7578125 0.23203125 0.0734375 0.05625
0 0.71484375 0.16484375 0.07265625 0.0609375
0 0.6140625 0.1234375 0.103125 0.06484375
0 0.484375 0.04375 0.096875 0.0875
0 0.6421875 0.046875 0.1265625 0.0921875
0 0.75625 0.03828125 0.08828125 0.07421875
0 0.85859375 0.0375 0.1 0.075
0 0.95859375 0.034375 0.0828125 0.06875
0 0.94921875 0.240625 0.1015625 0.09609375
0 0.94296875 0.128125 0.1140625 0.12265625
0 0.9546875 0.7328125 0.090625 0.09375
0 0.85546875 0.6703125 0.1078125 0.090625
0 0.73359375 0.6765625 0.121875 0.0890625
0 0.82890625 0.75234375 0.10859375 0.08203125
0 0.9484375 0.82578125 0.103125 0.1015625
0 0.65078125 0.58359375 0.11640625 0.0921875
0 0.5828125 0.5125 0.090625 0.078125
0 0.47890625 0.4515625 0.10546875 0.0859375
0 0.36953125 0.37109375 0.1078125 0.09375
0 0.29453125 0.28515625 0.1046875 0.096875
0 0.1625 0.22109375 0.128125 0.09375
0 0.04609375 0.1640625 0.09140625 0.078125
0 0.01796875 0.25703125 0.0359375 0.07890625
0 0.18359375 0.3078125 0.10078125 0.084375
0 0.2640625 0.3875 0.1 0.10546875
0 0.06171875 0.34296875 0.121875 0.0875
0 0.1703125 0.40234375 0.0890625 0.090625
0 0.33828125 0.496875 0.0859375 0.09375
0 0.234375 0.4859375 0.09609375 0.07734375
0 0.38046875 0.5734375 0.0890625 0.07265625
0 0.26875 0.57578125 0.10546875 0.084375
0 0.45390625 0.51875 0.08671875 0.06484375
0 0.534375 0.5984375 0.10546875 0.0890625
0 0.62109375 0.70078125 0.1078125 0.0984375
0 0.728125 0.7859375 0.11015625 0.1171875
0 0.8375 0.85078125 0.10625 0.1171875
0 0.9390625 0.91796875 0.121875 0.0796875
0 0.96640625 0.98046875 0.0671875 0.0390625
0 0.8296875 0.95859375 0.10625 0.0828125
0 0.65546875 0.96484375 0.14609375 0.0703125
0 0.6171875 0.88125 0.1171875 0.06796875
0 0.4984375 0.7375 0.1125 0.1078125
0 0.509375 0.834375 0.0984375 0.1015625
0 0.4859375 0.92734375 0.1390625 0.08984375
0 0.53046875 0.975 0.11953125 0.04921875
0 0.36640625 0.94296875 0.1265625 0.1140625
0 0.28125 0.778125 0.11640625 0.12109375
0 0.39453125 0.7578125 0.11171875 0.0921875
0 0.4 0.8515625 0.0890625 0.071875
0 0.28984375 0.959375 0.08046875 0.08046875
0 0.28203125 0.8875 0.10546875 0.0828125
0 0.20390625 0.9578125 0.09375 0.084375
0 0.05625 0.83515625 0.1125 0.1203125
0 0.15 0.7234375 0.1265625 0.121875
0 0.0453125 0.721875 0.08984375 0.1046875
0 0.04921875 0.62109375 0.0984375 0.0984375
0 0.14140625 0.6171875 0.11015625 0.1
0 0.1234375 0.5203125 0.10078125 0.0828125
0 0.03671875 0.5234375 0.0734375 0.0921875
0 0.05625 0.42578125 0.1125 0.09765625