0 0.36484375 0.26953125 0.2078125 0.2484375
0 0.47734375 0.3859375 0.1140625 0.15703125
0 0.6125 0.33671875 0.15390625 0.1953125
0 0.575 0.23125 0.0640625 0.0640625
0 0.75078125 0.38984375 0.14140625 0.1640625
0 0.85078125 0.4359375 0.0921875 0.1734375
0 0.946875 0.45 0.10625 0.19375
0 0.865625 0.2953125 0.140625 0.14296875
0 0.81171875 0.06796875 0.1375 0.134375
0 0.93984375 0.10078125 0.1203125 0.1890625
0 0.81953125 0.18984375 0.12109375 0.128125
0 0.7 0.13984375 0.134375 0.21953125
0 0.59375 0.11171875 0.0828125 0.15859375
0 0.50390625 0.11484375 0.11328125 0.15234375
0 0.61875 0.025 0.10859375 0.04609375
0 0.709375 0.01796875 0.04140625 0.0359375
0 0.496875 0.02109375 0.121875 0.0421875
0 0.20625 0.0703125 0.125 0.09609375
0 0.06640625 0.06484375 0.1328125 0.1296875
0 0.3328125 0.06015625 0.10625 0.1203125
0 0.4203125 0.0546875 0.06015625 0.109375
0 0.20546875 0.2265625 0.1109375 0.17734375
0 0.07578125 0.20078125 0.14765625 0.14921875
0 0.0671875 0.33359375 0.134375 0.1296875
0 0.1921875 0.37109375 0.11484375 0.11328125
0 0.34296875 0.50625 0.16953125 0.171875
0 0.4953125 0.54453125 0.1359375 0.18828125
0 0.63203125 0.5265625 0.14765625 0.19453125
0 0.7734375 0.59765625 0.14140625 0.18125
0 0.890625 0.6203125 0.096875 0.1625
0 0.96328125 0.6140625 0.0734375 0.146875
0 0.96953125 0.75625 0.06015625 0.0828125
0 0.8859375 0.85078125 0.13828125 0.115625
0 0.89921875 0.953125 0.1140625 0.09375
0 0.77578125 0.9390625 0.11640625 0.12109375
0 0.68671875 0.9609375 0.09921875 0.078125
0 0.60546875 0.909375 0.1109375 0.125
0 0.39296875 0.8234375 0.16640625 0.1765625
0 0.5609375 0.7625 0.1609375 0.14296875
0 0.6796875 0.8046875 0.09140625 0.14140625
0 0.79453125 0.771875 0.140625 0.18125
0 0.56484375 0.64375 0.12578125 0.0921875
0 0.68359375 0.6734375 0.08671875 0.1109375
0 0.38984375 0.66328125 0.175 0.1515625
0 0.265625 0.7203125 0.103125 0.13359375
0 0.19375 0.7953125 0.13515625 0.20390625
0 0.2703125 0.875 0.084375 0.10625
0 0.2328125 0.95546875 0.103125 0.0890625
0 0.32890625 0.9796875 0.0671875 0.040625
0 0.48046875 0.9125 0.175 0.17421875
0 0.09296875 0.94375 0.1078125 0.11171875
0 0.0203125 0.92421875 0.040625 0.14140625
0 0.06328125 0.78828125 0.12578125 0.18046875
0 0.0515625 0.56015625 0.103125 0.2703125
0 0.1640625 0.48359375 0.15546875 0.16875
0 0.16796875 0.62734375 0.14453125 0.12109375
0 0.3015625 0.621875 0.1234375 0.08125