0 0.44140625 0.584375 0.0671875 0.06640625
0 0.41171875 0.65703125 0.071875 0.075
0 0.378125 0.7265625 0.0671875 0.071875
0 0.43359375 0.50234375 0.07109375 0.07734375
0 0.49765625 0.496875 0.0578125 0.0609375
0 0.5765625 0.50703125 0.0921875 0.0875
0 0.50859375 0.5796875 0.06953125 0.07578125
0 0.603125 0.5921875 0.0625 0.084375
0 0.49609375 0.64375 0.07109375 0.06015625
0 0.49765625 0.71640625 0.06015625 0.06015625
0 0.46875 0.79375 0.0734375 0.06484375
0 0.39140625 0.8140625 0.0734375 0.0890625
0 0.4953125 0.41171875 0.06640625 0.078125
0 0.4453125 0.334375 0.0890625 0.075
0 0.3546875 0.40625 0.07421875 0.06796875
0 0.41796875 0.41328125 0.06796875 0.078125
0 0.6453125 0.40390625 0.09296875 0.1078125
0 0.5625 0.4109375 0.0734375 0.0953125
0 0.54921875 0.303125 0.1015625 0.11640625
0 0.65078125 0.30234375 0.0921875 0.09453125
0 0.73984375 0.278125 0.075 0.06953125
0 0.81015625 0.328125 0.0796875 0.08125
0 0.83984375 0.27109375 0.08671875 0.06796875
0 0.90859375 0.21484375 0.05859375 0.06015625
0 0.940625 0.26484375 0.05078125 0.06171875
0 0.90859375 0.3265625 0.096875 0.08203125
0 0.9796875 0.33125 0.040625 0.0796875
0 0.95546875 0.41484375 0.0890625 0.0796875
0 0.96171875 0.5015625 0.0765625 0.0875
0 0.97578125 0.578125 0.0484375 0.0625
0 0.98359375 0.6484375 0.0328125 0.0625
0 0.9796875 0.7296875 0.040625 0.0828125
0 0.96875 0.81015625 0.0625 0.0703125
0 0.71171875 0.5734375 0.0578125 0.06640625
0 0.77265625 0.584375 0.07265625 0.084375
0 0.66953125 0.5 0.08125 0.0875
0 0.7609375 0.4796875 0.09765625 0.096875
0 0.8609375 0.48671875 0.10625 0.11015625
0 0.87421875 0.4 0.08515625 0.07578125
0 0.7953125 0.19765625 0.08125 0.071875
0 0.71796875 0.19765625 0.0640625 0.0828125
0 0.62890625 0.20078125 0.09375 0.07890625
0 0.5421875 0.196875 0.08515625 0.0859375
0 0.4671875 0.196875 0.0765625 0.08359375
0 0.46328125 0.26953125 0.07421875 0.0734375
0 0.2859375 0.259375 0.10546875 0.09375
0 0.353125 0.3296875 0.09296875 0.09453125
0 0.384375 0.2578125 0.0984375 0.0765625
0 0.38125 0.17890625 0.0859375 0.08046875
0 0.52890625 0.1046875 0.0796875 0.08515625
0 0.60703125 0.10078125 0.09609375 0.09140625
0 0.69921875 0.11171875 0.07265625 0.0609375
0 0.78984375 0.12578125 0.07734375 0.0796875
0 0.88203125 0.1125 0.0625 0.0796875
0 0.72734375 0.74375 0.08203125 0.08359375
0 0.5875 0.71875 0.0984375 0.10703125
0 0.5984375 0.80703125 0.084375 0.08125
0 0.55 0.88515625 0.071875 0.0734375
0 0.83046875 0.87578125 0.09453125 0.09296875
0 0.72734375 0.88046875 0.0984375 0.08828125
0 0.87265625 0.790625 0.075 0.08125
0 0.93125 0.8765625 0.0515625 0.04921875
0 0.9203125 0.715625 0.08203125 0.06953125
0 0.81640625 0.7046875 0.046875 0.065625
0 0.90078125 0.5921875 0.10546875 0.115625
0 0.36171875 0.5859375 0.0890625 0.07890625
0 0.3171875 0.65390625 0.0640625 0.06796875
0 0.29765625 0.72578125 0.0953125 0.06953125
0 0.2703125 0.56875 0.0890625 0.1
0 0.121875 0.2578125 0.07734375 0.0625
0 0.18125 0.29375 0.05234375 0.06953125
0 0.109375 0.34296875 0.0734375 0.1046875
0 0.19296875 0.38125 0.10546875 0.115625
0 0.06796875 0.503125 0.08515625 0.103125
0 0.15234375 0.51015625 0.096875 0.09296875
0 0.17265625 0.64140625 0.0875 0.0796875
0 0.21953125 0.69921875 0.0828125 0.084375
0 0.1328125 0.7109375 0.08515625 0.09375
0 0.04765625 0.6109375 0.08515625 0.06796875
0 0.24140625 0.1578125 0.08515625 0.08671875
0 0.03359375 0.23828125 0.06640625 0.11015625
0 0.4359375 0.11953125 0.1078125 0.071875
0 0.871875 0.9578125 0.0875 0.084375
0 0.95390625 0.96640625 0.075 0.0671875
0 0.7 0.9609375 0.0875 0.078125
0 0.57578125 0.97109375 0.0859375 0.0578125
0 0.45546875 0.96484375 0.146875 0.0703125
0 0.3265625 0.95234375 0.13515625 0.0953125
0 0.06484375 0.95703125 0.1296875 0.0859375
0 0.18671875 0.95 0.1109375 0.1
0 0.046875 0.703125 0.09375 0.109375
0 0.2984375 0.81484375 0.109375 0.0984375
0 0.06796875 0.84140625 0.1359375 0.1578125
0 0.65625 0.64765625 0.07578125 0.07734375
0 0.0375 0.41875 0.075 0.109375
0 0.94765625 0.03203125 0.0796875 0.0640625
0 0.865625 0.0421875 0.06796875 0.07734375
0 0.78203125 0.0375 0.084375 0.07421875
0 0.6890625 0.040625 0.08515625 0.08125
0 0.609375 0.03046875 0.0875 0.0609375
0 0.51484375 0.034375 0.0796875 0.0625
0 0.41640625 0.04140625 0.10703125 0.08203125
0 0.3234375 0.1203125 0.09296875 0.0875
0 0.059375 0.0453125 0.1125 0.090625
0 0.15 0.0453125 0.07734375 0.08984375
0 0.2765625 0.021875 0.05625 0.0421875
0 0.12578125 0.13125 0.08125 0.0796875
0 0.05703125 0.12109375 0.06484375 0.065625
0 0.2203125 0.1015625 0.11953125 0.07265625
0 0.77890625 0.80390625 0.06015625 0.05625
0 0.18046875 0.7875 0.08671875 0.075
0 0.18515625 0.86171875 0.09921875 0.07734375
0 0.4703125 0.86796875 0.06171875 0.0484375