0 0.734375 0.65390625 0.1296875 0.09453125
0 0.5203125 0.37578125 0.24140625 0.19765625
0 0.77890625 0.3015625 0.14921875 0.13671875
0 0.23046875 0.03984375 0.1125 0.0796875
0 0.23671875 0.1125 0.1125 0.05703125
0 0.3328125 0.21328125 0.11796875 0.10234375
0 0.42109375 0.16484375 0.13125 0.1359375
0 0.53984375 0.13984375 0.11328125 0.10859375
0 0.64140625 0.14140625 0.1 0.1171875
0 0.3234375 0.03984375 0.08671875 0.0796875
0 0.32265625 0.11640625 0.07578125 0.071875
0 0.43046875 0.0453125 0.11328125 0.08984375
0 0.534375 0.03984375 0.103125 0.0796875
0 0.6625 0.04140625 0.153125 0.0828125
0 0.853125 0.075 0.16875 0.14140625
0 0.96640625 0.04375 0.0671875 0.0875
0 0.9734375 0.21171875 0.053125 0.07265625
0 0.928125 0.2859375 0.1421875 0.11875
0 0.778125 0.16640625 0.15703125 0.1296875
0 0.5296875 0.57265625 0.2625 0.1984375
0 0.571875 0.721875 0.18359375 0.10703125
0 0.8375 0.70625 0.11953125 0.10546875
0 0.9359375 0.70234375 0.075 0.10703125
0 0.87734375 0.58515625 0.1015625 0.11953125
0 0.7109375 0.5171875 0.125 0.1703125
0 0.809375 0.53359375 0.07890625 0.12578125
0 0.88828125 0.47109375 0.0890625 0.0984375
0 0.96328125 0.47734375 0.06875 0.13828125
0 0.7859375 0.421875 0.14921875 0.08828125
0 0.90078125 0.38125 0.090625 0.08515625
0 0.97890625 0.3765625 0.03984375 0.0640625
0 0.546875 0.23671875 0.15234375 0.0890625
0 0.66640625 0.2765625 0.08828125 0.13125
0 0.32578125 0.33125 0.15390625 0.140625
0 0.0859375 0.065625 0.16484375 0.13046875
0 0.11875 0.1859375 0.146875 0.103125
0 0.22734375 0.209375 0.07578125 0.12578125
0 0.0375 0.29921875 0.075 0.11640625
0 0.1421875 0.3203125 0.1359375 0.15546875
0 0.0484375 0.4625 0.096875 0.203125
0 0.94140625 0.81640625 0.1171875 0.10390625
0 0.8921875 0.909375 0.1421875 0.115625
0 0.77421875 0.93515625 0.12578125 0.125
0 0.80078125 0.828125 0.159375 0.1078125
0 0.6890625 0.83359375 0.12421875 0.14140625
0 0.22421875 0.9796875 0.125 0.03515625
0 0.09921875 0.97109375 0.125 0.0578125
0 0.23359375 0.48828125 0.23515625 0.24453125