0 0.0328125 0.153125 0.05078125 0.071875
0 0.1234375 0.125 0.0546875 0.09765625
0 0.3875 0.140625 0.0453125 0.0703125
0 0.44609375 0.13359375 0.0296875 0.0453125
0 0.503125 0.10078125 0.0484375 0.0484375
0 0.1875 0.02734375 0.05078125 0.0546875
0 0.1703125 0.33671875 0.046875 0.053125
0 0.09765625 0.72890625 0.04140625 0.06015625
0 0.178125 0.690625 0.04296875 0.0640625
0 0.23515625 0.54765625 0.04296875 0.0375
0 0.00859375 0.55390625 0.0171875 0.0453125
0 0.1 0.4578125 0.0390625 0.03515625
0 0.23984375 0.38046875 0.04453125 0.05234375
0 0.2671875 0.2484375 0.03671875 0.046875
0 0.340625 0.271875 0.0328125 0.0328125
0 0.303125 0.95703125 0.0609375 0.0859375
0 0.46171875 0.98046875 0.05859375 0.0390625
0 0.2796875 0.8390625 0.03515625 0.040625
0 0.66953125 0.86328125 0.05234375 0.04921875
0 0.76640625 0.528125 0.0453125 0.0453125
0 0.80703125 0.5078125 0.015625 0.03125
0 0.896875 0.41015625 0.0796875 0.08046875
0 0.67109375 0.38515625 0.03515625 0.03671875
0 0.50625 0.23828125 0.0171875 0.0234375
0 0.6734375 0.21640625 0.03125 0.0390625
0 0.6328125 0.14921875 0.03359375 0.040625
0 0.80546875 0.184375 0.071875 0.0953125
0 0.43125 0.08046875 0.040625 0.05703125
0 0.48828125 0.025 0.0453125 0.05
0 0.5546875 0.0390625 0.04453125 0.0546875
0 0.0171875 0.0515625 0.034375 0.046875