0 0.63984375 0.96171875 0.0859375 0.0765625
0 0.61015625 0.8859375 0.10234375 0.0875
0 0.55390625 0.81171875 0.103125 0.1046875
0 0.49375 0.73125 0.09375 0.0828125
0 0.41953125 0.5703125 0.0890625 0.09375
0 0.31953125 0.465625 0.10625 0.08125
0 0.2796875 0.38984375 0.0953125 0.0734375
0 0.2546875 0.29140625 0.1125 0.109375
0 0.196875 0.1859375 0.08671875 0.07265625
0 0.3609375 0.346875 0.08984375 0.10546875
0 0.1765625 0.09140625 0.13046875 0.096875
0 0.084375 0.09765625 0.0953125 0.10859375
0 0.08671875 0.02265625 0.08515625 0.0453125
0 0.1953125 0.01875 0.08359375 0.0375
0 0.2859375 0.171875 0.08515625 0.0984375
0 0.35546875 0.253125 0.0859375 0.0921875
0 0.4734375 0.4171875 0.146875 0.096875
0 0.53125 0.50625 0.1125 0.09375
0 0.534375 0.609375 0.10859375 0.115625
0 0.59296875 0.70234375 0.08125 0.1015625
0 0.64765625 0.7765625 0.06796875 0.10234375
0 0.715625 0.8625 0.09140625 0.090625
0 0.753125 0.9328125 0.08046875 0.0875
0 0.32734375 0.5484375 0.0953125 0.0875
0 0.43828125 0.8140625 0.084375 0.08125
0 0.5 0.89765625 0.09921875 0.07109375
0 0.54609375 0.96640625 0.1015625 0.0671875
0 0.453125 0.9703125 0.053125 0.059375
0 0.30390625 0.63828125 0.11953125 0.09375
0 0.32578125 0.7328125 0.1328125 0.09609375
0 0.30625 0.84453125 0.09609375 0.1015625
0 0.34765625 0.9453125 0.1140625 0.109375
0 0.228125 0.9609375 0.1140625 0.078125
0 0.209375 0.87265625 0.12421875 0.10234375
0 0.19453125 0.76484375 0.13671875 0.1140625
0 0.18828125 0.6765625 0.121875 0.0796875
0 0.109375 0.61875 0.084375 0.08203125
0 0.090625 0.52421875 0.0921875 0.075
0 0.2125 0.57734375 0.11796875 0.1046875
0 0.19609375 0.48359375 0.115625 0.07578125
0 0.1546875 0.4046875 0.1109375 0.0953125
0 0.1375 0.3015625 0.10546875 0.08828125
0 0.08828125 0.20546875 0.096875 0.09375
0 0.04765625 0.3265625 0.0953125 0.096875
0 0.05 0.44296875 0.1 0.1171875
0 0.028125 0.6390625 0.05625 0.109375
0 0.08515625 0.69765625 0.084375 0.0828125
0 0.0578125 0.79921875 0.115625 0.1171875
0 0.0734375 0.90546875 0.11640625 0.0921875
0 0.0828125 0.97421875 0.1 0.0515625
0 0.021875 0.1171875 0.04375 0.103125
0 0.0234375 0.03046875 0.046875 0.0609375
0 0.3 0.05546875 0.11796875 0.1109375
0 0.39921875 0.15859375 0.1421875 0.121875
0 0.475 0.2546875 0.11875 0.0671875
0 0.4625 0.3234375 0.071875 0.084375
0 0.54765625 0.309375 0.10703125 0.10234375
0 0.603125 0.396875 0.1125 0.140625
0 0.63828125 0.50234375 0.06953125 0.06796875
0 0.64921875 0.5875 0.09609375 0.09375
0 0.715625 0.646875 0.11015625 0.07734375
0 0.7734375 0.75234375 0.10546875 0.1234375
0 0.82578125 0.84921875 0.0875 0.07421875
0 0.928125 0.83125 0.09453125 0.11015625
0 0.9703125 0.90546875 0.059375 0.090625
0 0.959375 0.978125 0.08125 0.04375
0 0.96875 0.71953125 0.0625 0.10546875
0 0.87578125 0.7453125 0.09296875 0.09921875
0 0.83984375 0.64609375 0.10234375 0.10546875
0 0.95078125 0.6296875 0.0984375 0.10625
0 0.96875 0.51796875 0.0625 0.09921875
0 0.76640625 0.5640625 0.1078125 0.0921875
0 0.75546875 0.4640625 0.1109375 0.0875
0 0.7078125 0.375 0.09296875 0.096875
0 0.6671875 0.27734375 0.12578125 0.09765625
0 0.66796875 0.1734375 0.10625 0.10390625
0 0.5625 0.20078125 0.10078125 0.09140625
0 0.528125 0.125 0.10703125 0.07734375
0 0.446875 0.04453125 0.08515625 0.0890625
0 0.584375 0.0390625 0.10859375 0.07421875
0 0.628125 0.10625 0.090625 0.06953125
0 0.68046875 0.03359375 0.0859375 0.0671875
0 0.72890625 0.0875 0.0890625 0.06875
0 0.7671875 0.1609375 0.0921875 0.10390625
0 0.78828125 0.2609375 0.10859375 0.11328125
0 0.7984375 0.36015625 0.1015625 0.084375
0 0.8546875 0.43203125 0.096875 0.0859375
0 0.8703125 0.53359375 0.10390625 0.10390625
0 0.9515625 0.40625 0.09609375 0.09453125
0 0.95390625 0.31328125 0.09140625 0.09375
0 0.959375 0.21640625 0.08046875 0.09609375
0 0.95703125 0.11640625 0.0859375 0.11015625
0 0.95703125 0.03203125 0.0859375 0.0625
0 0.859375 0.040625 0.0875 0.08125
0 0.88046875 0.16875 0.07578125 0.07421875