0 0.340625 0.75234375 0.14140625 0.1421875
0 0.3296875 0.63125 0.103125 0.08984375
0 0.5046875 0.7625 0.175 0.1640625
0 0.4453125 0.6 0.13359375 0.1546875
0 0.55625 0.6234375 0.0953125 0.1203125
0 0.63984375 0.74765625 0.10234375 0.13984375
0 0.75234375 0.76171875 0.11796875 0.11484375
0 0.640625 0.89296875 0.15703125 0.128125
0 0.4859375 0.8984375 0.13046875 0.11015625
0 0.51171875 0.9796875 0.1234375 0.040625
0 0.62734375 0.978125 0.0984375 0.04375
0 0.7390625 0.98125 0.1140625 0.0375
0 0.809375 0.92421875 0.171875 0.071875
0 0.91171875 0.90234375 0.1765625 0.1921875
0 0.33515625 0.95078125 0.1984375 0.0984375
0 0.378125 0.865625 0.06953125 0.07109375
0 0.30859375 0.8609375 0.07109375 0.07265625
0 0.23828125 0.85078125 0.10234375 0.10546875
0 0.09609375 0.95078125 0.1390625 0.0984375
0 0.128125 0.83984375 0.11015625 0.11328125
0 0.03828125 0.84609375 0.0765625 0.1078125
0 0.07109375 0.71015625 0.1421875 0.1296875
0 0.20390625 0.7421875 0.1203125 0.1140625
0 0.21953125 0.6140625 0.10390625 0.1421875
0 0.084375 0.60234375 0.16796875 0.15703125
0 0.16875 0.484375 0.13359375 0.115625
0 0.30234375 0.51328125 0.125 0.12734375
0 0.26953125 0.36875 0.17265625 0.15859375
0 0.12421875 0.3703125 0.1453125 0.125
0 0.10390625 0.2421875 0.1796875 0.14609375
0 0.28046875 0.228125 0.153125 0.11796875
0 0.4625 0.50234375 0.18671875 0.12265625
0 0.596875 0.5109375 0.1671875 0.14453125
0 0.703125 0.65 0.1375 0.121875
0 0.81796875 0.6546875 0.0921875 0.121875
0 0.94296875 0.6875 0.1140625 0.11328125
0 0.72890625 0.5296875 0.11015625 0.121875
0 0.73125 0.409375 0.12109375 0.121875
0 0.83828125 0.534375 0.11015625 0.11796875
0 0.94140625 0.55625 0.1171875 0.13125
0 0.4734375 0.29296875 0.13984375 0.14140625
0 0.09140625 0.125 0.12890625 0.09609375
0 0.23828125 0.11328125 0.1625 0.128125
0 0.18671875 0.0265625 0.1859375 0.05234375
0 0.40703125 0.11015625 0.17734375 0.14375
0 0.396875 0.01953125 0.09765625 0.0390625
0 0.390625 0.2390625 0.1015625 0.1296875
0 0.528125 0.0359375 0.1359375 0.071875
0 0.66640625 0.0453125 0.1390625 0.08984375
0 0.58984375 0.1671875 0.19921875 0.16796875
0 0.61796875 0.34296875 0.14296875 0.1671875
0 0.8171875 0.0515625 0.178125 0.103125
0 0.95078125 0.078125 0.0984375 0.15625
0 0.8015625 0.228125 0.2328125 0.23125
0 0.86015625 0.4078125 0.15390625 0.1453125
0 0.9515625 0.21015625 0.09609375 0.1109375
0 0.94609375 0.29375 0.10625 0.0921875
0 0.96640625 0.4109375 0.0671875 0.1609375