0 0.27265625 0.19921875 0.31328125 0.35390625
0 0.50859375 0.24765625 0.15703125 0.20625
0 0.65078125 0.0515625 0.040625 0.03828125
0 0.8109375 0.0140625 0.02890625 0.028125
0 0.734375 0.1171875 0.02890625 0.03515625
0 0.4421875 0.6359375 0.33671875 0.30078125
0 0.42734375 0.83984375 0.09296875 0.08125
0 0.425 0.959375 0.0375 0.05078125
0 0.628125 0.97578125 0.0671875 0.0484375
0 0.57578125 0.92890625 0.05234375 0.0453125
0 0.64765625 0.8046875 0.1203125 0.1125
0 0.76171875 0.95703125 0.06953125 0.053125
0 0.9109375 0.9609375 0.103125 0.078125
0 0.953125 0.9109375 0.09375 0.1171875
0 0.9171875 0.8390625 0.1 0.05703125
0 0.92578125 0.75078125 0.05703125 0.059375
0 0.628125 0.26875 0.04140625 0.0515625
0 0.85234375 0.49296875 0.0375 0.04296875