0 0.39375 0.55546875 0.1296875 0.12890625
0 0.48203125 0.6203125 0.12578125 0.11328125
0 0.40625 0.4390625 0.1125 0.10234375
0 0.3359375 0.31484375 0.13359375 0.1203125
0 0.265625 0.21484375 0.14453125 0.12109375
0 0.19609375 0.12578125 0.11640625 0.0734375
0 0.13828125 0.06484375 0.0796875 0.05
0 0.134375 0.0203125 0.11328125 0.0359375
0 0.02265625 0.0375 0.0453125 0.075
0 0.0671875 0.15859375 0.13359375 0.1203125
0 0.115625 0.271875 0.13984375 0.16015625
0 0.28125 0.04140625 0.11328125 0.08203125
0 0.36484375 0.0875 0.09765625 0.10390625
0 0.40703125 0.184375 0.10390625 0.14765625
0 0.4859375 0.2484375 0.109375 0.134375
0 0.51484375 0.378125 0.08125 0.11015625
0 0.4984375 0.0578125 0.09765625 0.10625
0 0.56171875 0.17109375 0.1234375 0.11640625
0 0.67421875 0.26171875 0.08984375 0.08359375
0 0.69375 0.17265625 0.08359375 0.103125
0 0.66875 0.09140625 0.0953125 0.05859375
0 0.63125 0.03359375 0.1234375 0.0671875
0 0.79921875 0.0453125 0.1578125 0.090625
0 0.81484375 0.12734375 0.1359375 0.11640625
0 0.909375 0.17265625 0.0953125 0.103125
0 0.95390625 0.2578125 0.0921875 0.125
0 0.94140625 0.0609375 0.1171875 0.121875
0 0.69453125 0.353125 0.13125 0.10078125
0 0.66328125 0.4640625 0.1171875 0.13125
0 0.5578125 0.51484375 0.10625 0.15078125
0 0.65390625 0.5859375 0.13046875 0.1203125
0 0.8109375 0.675 0.09609375 0.128125
0 0.80390625 0.53359375 0.128125 0.15078125
0 0.971875 0.4984375 0.05625 0.11875
0 0.946875 0.63515625 0.10625 0.13984375
0 0.24296875 0.55390625 0.12890625 0.15859375
0 0.271875 0.47734375 0.09765625 0.08515625
0 0.075 0.48515625 0.15 0.15625
0 0.07421875 0.3671875 0.14375 0.10546875
0 0.11484375 0.61796875 0.1515625 0.1140625
0 0.08046875 0.74375 0.159375 0.16796875
0 0.2359375 0.834375 0.14921875 0.1484375
0 0.25390625 0.69296875 0.13125 0.12421875
0 0.37421875 0.790625 0.14375 0.15859375
0 0.08359375 0.88828125 0.1296875 0.12578125
0 0.0125 0.92421875 0.025 0.1046875
0 0.0203125 0.60703125 0.040625 0.0921875
0 0.203125 0.946875 0.159375 0.10625
0 0.33984375 0.9234375 0.09375 0.0953125
0 0.37578125 0.98359375 0.08984375 0.03203125
0 0.515625 0.975 0.04296875 0.05
0 0.625 0.8375 0.121875 0.13359375
0 0.64453125 0.93203125 0.1046875 0.0578125
0 0.95625 0.87109375 0.0875 0.1109375
0 0.96875 0.96484375 0.0625 0.0703125
0 0.934375 0.7640625 0.11328125 0.11796875
0 0.78125 0.8296875 0.1640625 0.1890625
0 0.6484375 0.71171875 0.13359375 0.12421875
0 0.96328125 0.384375 0.07265625 0.1125