0 0.2171875 0.6921875 0.125 0.1109375
0 0.228125 0.90703125 0.11328125 0.1078125
0 0.29765625 0.89140625 0.053125 0.053125
0 0.3953125 0.734375 0.0796875 0.08984375
0 0.49921875 0.9703125 0.071875 0.05859375
0 0.590625 0.6625 0.0796875 0.0625
0 0.7921875 0.7234375 0.0765625 0.071875
0 0.76875 0.83125 0.0453125 0.040625
0 0.69921875 0.4890625 0.046875 0.053125
0 0.83515625 0.4546875 0.2046875 0.16015625
0 0.434375 0.278125 0.0609375 0.053125
0 0.57890625 0.3796875 0.0609375 0.0453125
0 0.4203125 0.2015625 0.05859375 0.046875
0 0.64140625 0.17890625 0.321875 0.2875