0 0.490625 0.59140625 0.1 0.11875
0 0.515625 0.4703125 0.10546875 0.121875
0 0.61484375 0.52890625 0.071875 0.06796875
0 0.6515625 0.4375 0.09140625 0.075
0 0.7671875 0.5046875 0.07734375 0.08984375
0 0.784375 0.390625 0.1234375 0.12109375
0 0.865625 0.490625 0.103125 0.12578125
0 0.9734375 0.459375 0.053125 0.103125
0 0.96015625 0.56328125 0.0796875 0.11640625
0 0.9765625 0.796875 0.046875 0.09140625
0 0.96953125 0.93984375 0.0609375 0.1015625
0 0.878125 0.94296875 0.1171875 0.1140625
0 0.74140625 0.9671875 0.1234375 0.065625
0 0.4671875 0.93828125 0.10234375 0.078125
0 0.6203125 0.87890625 0.103125 0.11953125
0 0.61953125 0.77421875 0.09296875 0.0796875
0 0.64609375 0.671875 0.09140625 0.096875
0 0.75546875 0.840625 0.10078125 0.13671875
0 0.49765625 0.83125 0.14375 0.15234375
0 0.334375 0.88984375 0.0953125 0.096875
0 0.375 0.9703125 0.078125 0.059375
0 0.23203125 0.98125 0.078125 0.03671875
0 0.040625 0.9734375 0.0734375 0.05234375
0 0.1046875 0.83515625 0.1328125 0.1171875
0 0.14453125 0.94375 0.1265625 0.1125
0 0.24609375 0.7640625 0.09140625 0.08359375
0 0.390625 0.7171875 0.15 0.13828125
0 0.35234375 0.60234375 0.125 0.0828125
0 0.3875 0.51484375 0.096875 0.096875
0 0.08046875 0.69609375 0.11171875 0.11328125
0 0.12265625 0.58671875 0.15859375 0.10625
0 0.05625 0.4703125 0.1125 0.14375
0 0.178125 0.40625 0.146875 0.17109375
0 0.44765625 0.38671875 0.08515625 0.06875
0 0.75703125 0.7171875 0.08828125 0.096875
0 0.575 0.35 0.1234375 0.15234375
0 0.27890625 0.30234375 0.11328125 0.10078125
0 0.028125 0.2421875 0.05625 0.0859375
0 0.03046875 0.3515625 0.0609375 0.096875
0 0.1296875 0.22421875 0.15 0.17578125
0 0.2796875 0.18046875 0.1265625 0.12890625
0 0.40078125 0.25859375 0.13984375 0.14609375
0 0.52421875 0.221875 0.11875 0.140625
0 0.63984375 0.2015625 0.10859375 0.13125
0 0.80234375 0.1609375 0.09375 0.11484375
0 0.42890625 0.11328125 0.1234375 0.14140625
0 0.32734375 0.0515625 0.103125 0.10234375
0 0.46484375 0.0265625 0.11796875 0.05234375
0 0.74921875 0.046875 0.1203125 0.09375
0 0.9640625 0.0265625 0.071875 0.05234375
0 0.98125 0.0859375 0.0375 0.06875
0 0.18828125 0.08203125 0.1109375 0.1109375
0 0.05546875 0.12578125 0.1109375 0.13203125
0 0.02734375 0.0296875 0.0546875 0.059375
0 0.11484375 0.02734375 0.1203125 0.0546875
0 0.72265625 0.13203125 0.0734375 0.08359375