0 0.528125 0.52890625 0.07578125 0.0703125
0 0.57890625 0.57578125 0.075 0.065625
0 0.63125 0.63125 0.0765625 0.06640625
0 0.6796875 0.68359375 0.08671875 0.0890625
0 0.73203125 0.7453125 0.06015625 0.05625
0 0.81640625 0.7828125 0.07109375 0.0578125
0 0.828125 0.8984375 0.08046875 0.05546875
0 0.940625 0.96953125 0.08125 0.0609375
0 0.89375 0.821875 0.071875 0.07109375
0 0.9484375 0.89609375 0.07734375 0.07265625
0 0.71484375 0.84453125 0.07265625 0.0640625
0 0.65078125 0.78046875 0.08359375 0.07421875
0 0.56328125 0.721875 0.103125 0.1015625
0 0.45390625 0.60390625 0.09296875 0.08125
0 0.3671875 0.5328125 0.06796875 0.0734375
0 0.27734375 0.41171875 0.0828125 0.0734375
0 0.18515625 0.346875 0.075 0.06171875
0 0.14921875 0.26328125 0.05859375 0.0578125
0 0.45 0.4578125 0.0640625 0.0453125
0 0.3796875 0.4171875 0.06953125 0.05703125
0 0.271875 0.3359375 0.0765625 0.0625
0 0.228125 0.24140625 0.08125 0.08046875
0 0.96171875 0.73984375 0.0765625 0.0796875
0 0.87265625 0.6875 0.06015625 0.06328125
0 0.77890625 0.6921875 0.0984375 0.090625
0 0.71875 0.6234375 0.090625 0.071875
0 0.66328125 0.54140625 0.05625 0.05234375
0 0.6046875 0.50703125 0.08046875 0.06953125
0 0.44296875 0.39375 0.0734375 0.06171875
0 0.53359375 0.43671875 0.05546875 0.0640625
0 0.35078125 0.31953125 0.07734375 0.06796875
0 0.303125 0.24921875 0.0546875 0.06171875
0 0.94375 0.603125 0.075 0.08046875
0 0.896875 0.53046875 0.07734375 0.06484375
0 0.81171875 0.54375 0.08515625 0.08984375
0 0.70078125 0.44453125 0.0703125 0.07734375
0 0.67890625 0.49921875 0.06875 0.07421875
0 0.7359375 0.55234375 0.07265625 0.08359375
0 0.61875 0.421875 0.08125 0.08359375
0 0.52421875 0.37890625 0.06796875 0.053125
0 0.45078125 0.33203125 0.0671875 0.05234375
0 0.5484375 0.315625 0.06796875 0.08359375
0 0.37421875 0.25 0.06171875 0.0734375
0 0.44609375 0.24921875 0.05078125 0.06171875
0 0.67265625 0.34765625 0.0875 0.08359375
0 0.93828125 0.47890625 0.06171875 0.05390625
0 0.95078125 0.421875 0.09140625 0.07109375
0 0.76484375 0.3328125 0.08515625 0.06953125
0 0.83984375 0.3734375 0.08203125 0.090625
0 0.77578125 0.40703125 0.06875 0.06171875
0 0.971875 0.3359375 0.05625 0.08203125
0 0.9015625 0.2703125 0.08046875 0.08515625
0 0.96953125 0.240625 0.0609375 0.065625
0 0.8125 0.2390625 0.09453125 0.0953125
0 0.6484375 0.259375 0.10625 0.0734375
0 0.83984375 0.96484375 0.1046875 0.0703125
0 0.63984375 0.96328125 0.090625 0.0734375
0 0.4625 0.96015625 0.078125 0.0796875
0 0.57890625 0.909375 0.08515625 0.10078125
0 0.62578125 0.84765625 0.1078125 0.07578125
0 0.7296875 0.9109375 0.10625 0.08046875
0 0.7390625 0.9734375 0.1125 0.053125
0 0.48515625 0.7296875 0.06171875 0.078125
0 0.43515625 0.68046875 0.08515625 0.0671875
0 0.38984375 0.7375 0.090625 0.06171875
0 0.4390625 0.79296875 0.06640625 0.0796875
0 0.3671875 0.8078125 0.0734375 0.08515625
0 0.32421875 0.8703125 0.05 0.0640625
0 0.25 0.8703125 0.05 0.06640625
0 0.23984375 0.7828125 0.10078125 0.09140625
0 0.26796875 0.6625 0.07578125 0.1046875
0 0.353125 0.66171875 0.06015625 0.07109375
0 0.3578125 0.596875 0.0578125 0.0671875
0 0.28984375 0.55703125 0.071875 0.08359375
0 0.27421875 0.48046875 0.071875 0.07578125
0 0.20625 0.578125 0.0796875 0.065625
0 0.19140625 0.4875 0.08671875 0.071875
0 0.19765625 0.4109375 0.06875 0.06953125
0 0.125 0.39921875 0.1 0.084375
0 0.11171875 0.68984375 0.084375 0.07890625
0 0.16015625 0.73359375 0.11015625 0.08359375
0 0.1953125 0.81171875 0.08046875 0.090625
0 0.12421875 0.81484375 0.0671875 0.0671875
0 0.16640625 0.9109375 0.06875 0.08046875
0 0.1828125 0.96328125 0.06953125 0.06640625
0 0.278125 0.95234375 0.12578125 0.0953125
0 0.434375 0.85859375 0.07734375 0.0546875
0 0.0265625 0.90234375 0.053125 0.0703125
0 0.03515625 0.965625 0.065625 0.0609375
0 0.0984375 0.88671875 0.07421875 0.08046875
0 0.11171875 0.96328125 0.078125 0.07109375
0 0.04453125 0.82421875 0.0875 0.0703125
0 0.0484375 0.7265625 0.09609375 0.125
0 0.16953125 0.6375 0.109375 0.08515625
0 0.071875 0.60703125 0.1421875 0.07578125
0 0.09921875 0.528125 0.09375 0.08203125
0 0.02578125 0.5171875 0.05078125 0.0890625
0 0.0234375 0.43359375 0.046875 0.07578125
0 0.05 0.28203125 0.08984375 0.06875
0 0.08125 0.34453125 0.075 0.06171875
0 0.0546875 0.21640625 0.109375 0.05546875
0 0.05703125 0.0265625 0.0734375 0.053125
0 0.15 0.01953125 0.06953125 0.0390625
0 0.2703125 0.06015625 0.06171875 0.05546875
0 0.18359375 0.0703125 0.07109375 0.05546875
0 0.1859375 0.1421875 0.08671875 0.0734375
0 0.0875 0.15703125 0.08828125 0.06875
0 0.0203125 0.1296875 0.040625 0.09375
0 0.08984375 0.08359375 0.0734375 0.07265625
0 0.303125 0.1875 0.0734375 0.07578125
0 0.38046875 0.1921875 0.08359375 0.059375
0 0.3640625 0.11875 0.07890625 0.0546875
0 0.35 0.0359375 0.096875 0.071875
0 0.44921875 0.04765625 0.078125 0.0640625
0 0.47265625 0.0140625 0.07734375 0.02734375
0 0.5421875 0.03203125 0.0875 0.05859375
0 0.54765625 0.09609375 0.08125 0.0671875
0 0.46171875 0.1078125 0.07734375 0.07109375
0 0.53671875 0.1921875 0.09609375 0.06953125
0 0.53359375 0.246875 0.08671875 0.0671875
0 0.61875 0.18359375 0.078125 0.06796875
0 0.6421875 0.090625 0.07578125 0.07734375
0 0.6296875 0.0265625 0.071875 0.05234375
0 0.7359375 0.06875 0.07734375 0.06328125
0 0.72578125 0.02109375 0.10078125 0.03984375
0 0.7265625 0.159375 0.09453125 0.07265625
0 0.79921875 0.15390625 0.06015625 0.07265625
0 0.86484375 0.13671875 0.0734375 0.06875
0 0.8109375 0.0296875 0.06640625 0.05859375
0 0.87890625 0.0265625 0.0734375 0.053125
0 0.95234375 0.0515625 0.0953125 0.103125
0 0.96640625 0.1546875 0.0671875 0.09375
0 0.45 0.52734375 0.08984375 0.07578125