0 0.51640625 0.6234375 0.11640625 0.1203125
0 0.4234375 0.5578125 0.10703125 0.11875
0 0.35234375 0.4796875 0.096875 0.1171875
0 0.25859375 0.34140625 0.1109375 0.08828125
0 0.25234375 0.4375 0.11796875 0.09921875
0 0.234375 0.55078125 0.14296875 0.1125
0 0.33984375 0.6296875 0.1125 0.153125
0 0.25234375 0.69765625 0.14296875 0.16484375
0 0.4125 0.77734375 0.11484375 0.12265625
0 0.4546875 0.68671875 0.109375 0.134375
0 0.53515625 0.8234375 0.1015625 0.10859375
0 0.59296875 0.74765625 0.09296875 0.17734375
0 0.446875 0.91484375 0.13125 0.1703125
0 0.2328125 0.8296875 0.0609375 0.0578125
0 0.33046875 0.89140625 0.1484375 0.2171875
0 0.7 0.86796875 0.1296875 0.153125
0 0.61328125 0.89296875 0.065625 0.10078125
0 0.58203125 0.9734375 0.0421875 0.053125
0 0.5375 0.9375 0.065625 0.11875
0 0.68515625 0.96484375 0.1234375 0.0703125
0 0.853125 0.975 0.08125 0.05
0 0.953125 0.95859375 0.09375 0.0828125
0 0.93046875 0.8625 0.1390625 0.134375
0 0.9296875 0.69140625 0.140625 0.16953125
0 0.965625 0.74765625 0.06875 0.0984375
0 0.80859375 0.87578125 0.1203125 0.1625
0 0.7171875 0.72109375 0.1625 0.14453125
0 0.83515625 0.64453125 0.12109375 0.14375
0 0.9703125 0.53125 0.059375 0.140625
0 0.96875 0.40546875 0.0625 0.1046875
0 0.79296875 0.4640625 0.13828125 0.17890625
0 0.89140625 0.49296875 0.09765625 0.1609375
0 0.675 0.54921875 0.1796875 0.2125
0 0.59453125 0.44609375 0.15703125 0.19453125
0 0.46171875 0.4671875 0.11328125 0.10546875
0 0.35625 0.378125 0.08671875 0.08828125
0 0.4140625 0.3609375 0.06484375 0.1015625
0 0.48046875 0.34296875 0.08359375 0.134375
0 0.490625 0.02890625 0.15 0.0578125
0 0.5859375 0.11328125 0.09921875 0.10703125
0 0.56171875 0.0609375 0.06171875 0.08203125
0 0.6 0.015625 0.0609375 0.03125
0 0.63359375 0.053125 0.0609375 0.065625
0 0.68359375 0.02578125 0.0546875 0.0515625
0 0.7125 0.125 0.140625 0.13046875
0 0.63671875 0.225 0.08125 0.0796875
0 0.54453125 0.23046875 0.0890625 0.08984375
0 0.57421875 0.29609375 0.09921875 0.1140625
0 0.66796875 0.35234375 0.1203125 0.146875
0 0.8515625 0.265625 0.18515625 0.22265625
0 0.71953125 0.2765625 0.09453125 0.159375
0 0.9640625 0.2140625 0.071875 0.16015625
0 0.9625 0.33046875 0.075 0.0515625
0 0.8796875 0.09921875 0.11171875 0.109375
0 0.8515625 0.02890625 0.11015625 0.0578125
0 0.953125 0.0375 0.09375 0.07421875
0 0.753125 0.03515625 0.0984375 0.0703125
0 0.5015625 0.12109375 0.09765625 0.12109375
0 0.44765625 0.2109375 0.1125 0.14453125
0 0.365625 0.23828125 0.09921875 0.16953125
0 0.21953125 0.2375 0.16015625 0.16640625
0 0.23828125 0.078125 0.125 0.14375
0 0.33125 0.1109375 0.05078125 0.08515625
0 0.36484375 0.03359375 0.0921875 0.0671875
0 0.4078125 0.115625 0.0859375 0.06875
0 0.12734375 0.1296875 0.11171875 0.14296875
0 0.05625 0.07578125 0.11171875 0.1515625