0 0.25390625 0.01484375 0.0640625 0.0296875
0 0.30546875 0.0578125 0.0890625 0.0796875
0 0.38125 0.12734375 0.078125 0.08203125
0 0.49375 0.1859375 0.08125 0.08671875
0 0.39296875 0.053125 0.0484375 0.0578125
0 0.496875 0.01953125 0.05546875 0.0390625
0 0.56796875 0.03671875 0.06171875 0.06171875
0 0.68828125 0.02734375 0.0734375 0.05390625
0 0.78203125 0.01640625 0.0734375 0.0328125
0 0.86953125 0.05859375 0.096875 0.09375
0 0.9609375 0.0953125 0.078125 0.0953125
0 0.9640625 0.0234375 0.04921875 0.046875
0 0.89375 0.1328125 0.06953125 0.05390625
0 0.9390625 0.203125 0.0734375 0.06953125
0 0.94453125 0.28984375 0.0796875 0.096875
0 0.9796875 0.33984375 0.040625 0.0828125
0 0.79375 0.13359375 0.06484375 0.0703125
0 0.859375 0.29140625 0.090625 0.06015625
0 0.9015625 0.378125 0.0875 0.0875
0 0.96875 0.52109375 0.0625 0.0859375
0 0.971875 0.4453125 0.05625 0.078125
0 0.89453125 0.51484375 0.0734375 0.0875
0 0.8953125 0.45234375 0.11171875 0.05859375
0 0.80703125 0.37265625 0.10234375 0.1
0 0.84453125 0.21640625 0.10625 0.0953125
0 0.75 0.2296875 0.08125 0.0890625
0 0.6859375 0.14375 0.1 0.09453125
0 0.5953125 0.11015625 0.0890625 0.07421875
0 0.51015625 0.0984375 0.1 0.096875
0 0.47734375 0.34140625 0.05859375 0.05859375
0 0.6640625 0.24921875 0.08125 0.0765625
0 0.578125 0.26328125 0.0890625 0.0953125
0 0.65625 0.325 0.09375 0.0765625
0 0.496875 0.2734375 0.06640625 0.075
0 0.5328125 0.434375 0.0859375 0.07578125
0 0.62109375 0.41796875 0.0828125 0.08515625
0 0.71171875 0.4015625 0.0796875 0.07421875
0 0.38046875 0.19140625 0.0734375 0.05625
0 0.38203125 0.3609375 0.05859375 0.0515625
0 0.43671875 0.4234375 0.0671875 0.06953125
0 0.37734375 0.50390625 0.07578125 0.0796875
0 0.4796875 0.50234375 0.06953125 0.08125
0 0.51953125 0.56484375 0.07890625 0.08359375
0 0.57890625 0.50390625 0.0953125 0.0890625
0 0.59609375 0.5671875 0.0703125 0.06796875
0 0.6921875 0.53359375 0.08515625 0.11484375
0 0.75703125 0.46953125 0.075 0.07890625
0 0.82421875 0.46328125 0.065625 0.07265625
0 0.77734375 0.5375 0.078125 0.06015625
0 0.6765625 0.621875 0.0796875 0.0734375
0 0.759375 0.68671875 0.0828125 0.071875
0 0.76484375 0.60703125 0.090625 0.07734375
0 0.84609375 0.6 0.0796875 0.08359375
0 0.93984375 0.64453125 0.09453125 0.109375
0 0.95234375 0.74453125 0.0953125 0.0859375
0 0.8453125 0.67421875 0.096875 0.08125
0 0.97578125 0.871875 0.0484375 0.0625
0 0.9203125 0.94765625 0.06953125 0.065625
0 0.990625 0.95546875 0.01875 0.0828125
0 0.9515625 0.98671875 0.03125 0.0265625
0 0.82734375 0.95078125 0.0640625 0.06640625
0 0.73984375 0.96640625 0.0953125 0.0671875
0 0.80234375 0.890625 0.08515625 0.0796875
0 0.90078125 0.8828125 0.0921875 0.07578125
0 0.8921875 0.81015625 0.08671875 0.075
0 0.8375 0.7578125 0.08828125 0.0875
0 0.7984375 0.82265625 0.0875 0.0578125
0 0.7578125 0.75703125 0.08125 0.07109375
0 0.71875 0.9015625 0.08046875 0.071875
0 0.71015625 0.83359375 0.09609375 0.0640625
0 0.6734375 0.7671875 0.09375 0.071875
0 0.678125 0.68515625 0.084375 0.06953125
0 0.5921875 0.6265625 0.06875 0.06640625
0 0.58671875 0.69453125 0.0875 0.06640625
0 0.57734375 0.76171875 0.0796875 0.071875
0 0.6125 0.83125 0.0859375 0.07578125
0 0.62109375 0.89921875 0.0859375 0.06796875
0 0.6484375 0.9671875 0.0765625 0.06484375
0 0.56875 0.96640625 0.08125 0.0640625
0 0.53984375 0.90625 0.08984375 0.06015625
0 0.52890625 0.8484375 0.08984375 0.06015625
0 0.48984375 0.7625 0.0734375 0.07109375
0 0.49140625 0.69921875 0.07734375 0.06171875
0 0.49921875 0.6375 0.07734375 0.06640625
0 0.41796875 0.57421875 0.06796875 0.07421875
0 0.41328125 0.63984375 0.05859375 0.05625
0 0.4078125 0.690625 0.05390625 0.053125
0 0.39921875 0.7703125 0.06796875 0.071875
0 0.4265625 0.83984375 0.0640625 0.0734375
0 0.45 0.9171875 0.06328125 0.07890625
0 0.48046875 0.9796875 0.0765625 0.040625
0 0.35625 0.93671875 0.08515625 0.0578125
0 0.3765625 0.984375 0.109375 0.03125
0 0.33046875 0.86875 0.0703125 0.0609375
0 0.33046875 0.7921875 0.05859375 0.071875
0 0.315625 0.68984375 0.0796875 0.096875
0 0.31875 0.5890625 0.07578125 0.090625
0 0.29375 0.5140625 0.06875 0.065625
0 0.26953125 0.440625 0.0625 0.0640625
0 0.3015625 0.35625 0.07109375 0.06640625
0 0.29609375 0.2671875 0.0640625 0.06640625
0 0.1765625 0.9609375 0.06875 0.05625
0 0.08828125 0.95 0.0625 0.05234375
0 0.04609375 0.89609375 0.06953125 0.06953125
0 0.153125 0.87734375 0.0734375 0.065625
0 0.24140625 0.87578125 0.0875 0.053125
0 0.2625 0.9328125 0.05859375 0.0484375
0 0.1640625 0.80703125 0.08046875 0.0703125
0 0.13671875 0.74296875 0.046875 0.04453125
0 0.22578125 0.73671875 0.07734375 0.0734375
0 0.2359375 0.6515625 0.07265625 0.0796875
0 0.2359375 0.5734375 0.07734375 0.07421875
0 0.1171875 0.52421875 0.0734375 0.0796875
0 0.1421875 0.6 0.07578125 0.07890625
0 0.05546875 0.70390625 0.06953125 0.07578125
0 0.0375 0.58515625 0.07109375 0.071875
0 0.00703125 0.69453125 0.0140625 0.05390625
0 0.0359375 0.51015625 0.06953125 0.06015625
0 0.20546875 0.35859375 0.0703125 0.06796875
0 0.11171875 0.38671875 0.0578125 0.0625
0 0.02578125 0.31171875 0.0515625 0.1078125
0 0.0984375 0.3015625 0.1 0.08359375
0 0.034375 0.396875 0.0671875 0.07890625
0 0.20234375 0.5078125 0.06953125 0.0640625
0 0.1703125 0.45390625 0.06796875 0.04453125
0 0.2375 0.19609375 0.08984375 0.08046875
0 0.12265625 0.1484375 0.0875 0.075
0 0.1171875 0.221875 0.08515625 0.0734375
0 0.0390625 0.21328125 0.078125 0.08671875
0 0.04375 0.121875 0.0875 0.090625
0 0.2015625 0.12578125 0.0609375 0.0578125
0 0.08671875 0.0328125 0.0765625 0.06484375
0 0.18828125 0.01328125 0.0421875 0.0265625