0 0.31328125 0.25 0.05625 0.0546875
0 0.309375 0.18046875 0.05625 0.0453125
0 0.1296875 0.69140625 0.1078125 0.12890625
0 0.12578125 0.8953125 0.1390625 0.0875
0 0.30078125 0.7296875 0.07421875 0.084375
0 0.49609375 0.65546875 0.07421875 0.084375
0 0.38671875 0.97265625 0.0625 0.0546875
0 0.7171875 0.73125 0.09375 0.0765625
0 0.46875 0.3625 0.0546875 0.0609375
0 0.6046875 0.47734375 0.0796875 0.0796875
0 0.81875 0.43125 0.2421875 0.15234375
0 0.95859375 0.6515625 0.0828125 0.0875
0 0.6625 0.18828125 0.3828125 0.31875