0 0.23046875 0.66796875 0.11171875 0.08359375
0 0.6546875 0.5 0.0953125 0.08984375
0 0.62734375 0.56328125 0.0671875 0.0640625
0 0.6046875 0.63671875 0.08359375 0.07578125
0 0.70234375 0.63125 0.11484375 0.084375
0 0.70625 0.7046875 0.11484375 0.0765625
0 0.6125 0.71796875 0.0796875 0.08359375
0 0.53359375 0.6671875 0.075 0.07578125
0 0.53828125 0.58671875 0.09453125 0.0828125
0 0.565625 0.51171875 0.06171875 0.06875
0 0.6875 0.83671875 0.09453125 0.06875
0 0.70546875 0.9125 0.09921875 0.07578125
0 0.559375 0.8515625 0.07421875 0.05859375
0 0.5203125 0.7375 0.09453125 0.06171875
0 0.5046875 0.7953125 0.08828125 0.05390625
0 0.45859375 0.871875 0.10859375 0.090625
0 0.3859375 0.74296875 0.10546875 0.0703125
0 0.3671875 0.66875 0.1046875 0.0640625
0 0.45390625 0.6484375 0.078125 0.05546875
0 0.71484375 0.42421875 0.059375 0.065625
0 0.75625 0.50234375 0.04609375 0.0515625
0 0.87578125 0.48046875 0.06875 0.065625
0 0.840625 0.409375 0.0921875 0.06953125
0 0.87734375 0.23671875 0.0828125 0.06953125
0 0.71015625 0.26875 0.0609375 0.05078125
0 0.6875 0.20546875 0.08828125 0.0625
0 0.659375 0.14375 0.07265625 0.06015625
0 0.7625 0.14296875 0.13046875 0.109375
0 0.8734375 0.17265625 0.07578125 0.05078125
0 0.97890625 0.08671875 0.04140625 0.0546875
0 0.98046875 0.02421875 0.0390625 0.0484375
0 0.91328125 0.0359375 0.0671875 0.0546875
0 0.7046875 0.04453125 0.08203125 0.0765625
0 0.5984375 0.0703125 0.06953125 0.0484375
0 0.59296875 0.0203125 0.0828125 0.040625
0 0.51640625 0.075 0.06484375 0.06328125
0 0.5046875 0.021875 0.078125 0.0390625
0 0.29609375 0.02890625 0.07578125 0.0578125
0 0.39375 0.0171875 0.065625 0.034375
0 0.453125 0.05859375 0.0546875 0.075
0 0.575 0.13359375 0.07421875 0.0640625
0 0.5796875 0.20703125 0.04765625 0.0640625
0 0.528125 0.35625 0.07734375 0.0625
0 0.5421875 0.43359375 0.084375 0.0703125
0 0.471875 0.29375 0.084375 0.0671875
0 0.415625 0.16875 0.075 0.0546875
0 0.26484375 0.11171875 0.08828125 0.06953125
0 0.253125 0.1796875 0.0890625 0.0546875
0 0.38671875 0.2640625 0.09921875 0.10078125
0 0.2921875 0.259375 0.09296875 0.08203125
0 0.35 0.32578125 0.0859375 0.0734375
0 0.296875 0.390625 0.07421875 0.08515625
0 0.3625 0.37734375 0.06015625 0.05859375
0 0.40234375 0.425 0.05078125 0.05078125
0 0.4359375 0.36796875 0.08046875 0.06875
0 0.4578125 0.4734375 0.084375 0.06796875
0 0.34921875 0.52265625 0.0671875 0.05546875
0 0.290625 0.48125 0.084375 0.09140625
0 0.36640625 0.453125 0.06640625 0.05546875
0 0.46015625 0.58671875 0.05703125 0.059375
0 0.3796875 0.5984375 0.11484375 0.07421875
0 0.2859375 0.57890625 0.0703125 0.10234375
0 0.23828125 0.51484375 0.0796875 0.0796875
0 0.1296875 0.46953125 0.08515625 0.07578125
0 0.20703125 0.45546875 0.0703125 0.0515625
0 0.23984375 0.39921875 0.0578125 0.0625
0 0.05859375 0.68203125 0.1171875 0.109375
0 0.1515625 0.6703125 0.08046875 0.0765625
0 0.10546875 0.53203125 0.115625 0.06640625
0 0.178125 0.55625 0.05234375 0.06796875
0 0.03671875 0.56796875 0.0734375 0.1078125
0 0.0515625 0.44140625 0.103125 0.1453125
0 0.07265625 0.33671875 0.10625 0.07109375
0 0.03203125 0.26796875 0.0640625 0.0796875
0 0.025 0.190625 0.05 0.0625
0 0.0875 0.20078125 0.08359375 0.09765625
0 0.16953125 0.20078125 0.08671875 0.084375
0 0.1640625 0.1171875 0.0828125 0.0828125
0 0.17734375 0.03828125 0.109375 0.071875
0 0.0328125 0.0609375 0.065625 0.05546875
0 0.03125 0.01171875 0.0625 0.0234375
0 0.0953125 0.09921875 0.06171875 0.06328125
0 0.21328125 0.76953125 0.11484375 0.11015625
0 0.96953125 0.23984375 0.0609375 0.0578125
0 0.984375 0.16953125 0.03125 0.0265625
0 0.96484375 0.53984375 0.0703125 0.0609375
0 0.95703125 0.3875 0.0859375 0.06484375
0 0.9734375 0.59921875 0.05234375 0.06015625
0 0.90859375 0.6125 0.08125 0.06328125
0 0.82578125 0.55625 0.07109375 0.05625
0 0.8296875 0.62890625 0.075 0.08984375
0 0.82578125 0.828125 0.0765625 0.0703125
0 0.80078125 0.75625 0.0734375 0.06171875
0 0.69921875 0.76953125 0.09296875 0.065625
0 0.85390625 0.7 0.06484375 0.06640625
0 0.93046875 0.6875 0.0875 0.0859375
0 0.9875 0.6671875 0.025 0.06875
0 0.971875 0.85859375 0.05625 0.11796875
0 0.97109375 0.76171875 0.05703125 0.06875
0 0.96328125 0.965625 0.0734375 0.06875
0 0.8828125 0.97109375 0.090625 0.05703125
0 0.77421875 0.96171875 0.1234375 0.0765625
0 0.8140625 0.9 0.08828125 0.075
0 0.59765625 0.921875 0.0953125 0.08671875
0 0.55859375 0.9828125 0.11484375 0.03359375
0 0.5328125 0.9265625 0.07421875 0.071875
0 0.43359375 0.95 0.09609375 0.0671875
0 0.48671875 0.98203125 0.0484375 0.03359375
0 0.40625 0.98828125 0.0734375 0.0234375
0 0.25078125 0.9640625 0.1046875 0.071875
0 0.32421875 0.98046875 0.0671875 0.0390625
0 0.346875 0.94453125 0.07734375 0.06328125
0 0.26171875 0.890625 0.096875 0.06796875
0 0.3484375 0.88046875 0.10390625 0.08046875
0 0.38984375 0.80703125 0.11171875 0.06796875
0 0.1390625 0.396875 0.06484375 0.065625
0 0.12578125 0.753125 0.0734375 0.06171875
0 0.15703125 0.8921875 0.09609375 0.09921875
0 0.10625 0.97421875 0.128125 0.0515625
0 0.025 0.975 0.05 0.05
0 0.034375 0.8953125 0.0625 0.0984375
0 0.09921875 0.90703125 0.0625 0.08515625
0 0.08671875 0.825 0.1265625 0.071875
0 0.02734375 0.775 0.0546875 0.03125