0 0.30390625 0.45078125 0.10859375 0.09375
0 0.21953125 0.4671875 0.07421875 0.08203125
0 0.21015625 0.384375 0.0484375 0.04765625
0 0.1171875 0.36484375 0.08515625 0.08125
0 0.04296875 0.31171875 0.0859375 0.0734375
0 0.0390625 0.3921875 0.078125 0.0890625
0 0.1203125 0.46484375 0.10546875 0.1015625
0 0.02421875 0.46328125 0.0484375 0.05390625
0 0.090625 0.55234375 0.07578125 0.07109375
0 0.41796875 0.503125 0.07578125 0.09375
0 0.53984375 0.59765625 0.0875 0.08359375
0 0.63203125 0.58359375 0.08515625 0.0609375
0 0.32421875 0.53125 0.0859375 0.065625
0 0.228125 0.546875 0.09140625 0.06328125
0 0.17734375 0.60234375 0.07578125 0.07421875
0 0.03984375 0.61171875 0.07734375 0.0796875
0 0.25234375 0.61875 0.08046875 0.06015625
0 0.340625 0.609375 0.084375 0.08359375
0 0.43828125 0.6 0.0828125 0.08515625
0 0.840625 0.6609375 0.096875 0.0828125
0 0.75234375 0.6515625 0.08671875 0.08828125
0 0.97421875 0.71640625 0.0515625 0.0859375
0 0.96875 0.87734375 0.0625 0.0796875
0 0.98125 0.79453125 0.0375 0.06796875
0 0.8890625 0.87734375 0.08359375 0.0578125
0 0.90546875 0.809375 0.103125 0.07734375
0 0.9015625 0.7265625 0.0859375 0.08125
0 0.8 0.72265625 0.07734375 0.0625
0 0.80546875 0.79453125 0.0890625 0.0625
0 0.80234375 0.865625 0.0859375 0.06875
0 0.79140625 0.96796875 0.07890625 0.0640625
0 0.88203125 0.96328125 0.08984375 0.06640625
0 0.621875 0.68203125 0.084375 0.0765625
0 0.71171875 0.8203125 0.08671875 0.09375
0 0.71015625 0.728125 0.08515625 0.0734375
0 0.2859375 0.89453125 0.084375 0.0625
0 0.12890625 0.81328125 0.07734375 0.06640625
0 0.09609375 0.7421875 0.08984375 0.0625
0 0.20859375 0.7875 0.08515625 0.075
0 0.26875 0.83359375 0.08515625 0.0546875
0 0.33671875 0.821875 0.08984375 0.07890625
0 0.39609375 0.9 0.10546875 0.09140625
0 0.26640625 0.6875 0.0765625 0.0734375
0 0.33359375 0.69296875 0.0625 0.065625
0 0.37734375 0.74921875 0.06875 0.06953125
0 0.4265625 0.8203125 0.06953125 0.08203125
0 0.50703125 0.85 0.1 0.08984375
0 0.5390625 0.9625 0.08125 0.075
0 0.4453125 0.9703125 0.1 0.059375
0 0.1953125 0.96484375 0.08671875 0.0703125
0 0.203125 0.89453125 0.07109375 0.0640625
0 0.12265625 0.91796875 0.09140625 0.0703125
0 0.10703125 0.97578125 0.0859375 0.0484375
0 0.034375 0.9703125 0.06875 0.059375
0 0.03828125 0.89765625 0.0765625 0.0921875
0 0.04375 0.8125 0.0875 0.0765625
0 0.4234375 0.67578125 0.09296875 0.06875
0 0.45546875 0.7515625 0.078125 0.09140625
0 0.5421875 0.76015625 0.103125 0.09765625
0 0.52578125 0.67265625 0.08359375 0.0796875
0 0.7203125 0.96796875 0.0671875 0.0640625
0 0.09453125 0.61171875 0.0734375 0.05625