0 0.46875 0.41328125 0.0734375 0.0875
0 0.3984375 0.4796875 0.06875 0.05
0 0.321875 0.51796875 0.07578125 0.071875
0 0.2984375 0.57734375 0.07265625 0.0625
0 0.4015625 0.66015625 0.065625 0.053125
0 0.48125 0.6484375 0.08515625 0.07109375
0 0.56328125 0.5609375 0.0671875 0.059375
0 0.59140625 0.63984375 0.1046875 0.0828125
0 0.66875 0.553125 0.0515625 0.05859375
0 0.7484375 0.5328125 0.09296875 0.059375
0 0.76875 0.59921875 0.0625 0.0625
0 0.85390625 0.60859375 0.09375 0.08125
0 0.909375 0.53515625 0.09609375 0.06953125
0 0.9703125 0.5125 0.059375 0.05390625
0 0.8578125 0.44609375 0.07734375 0.06875
0 0.790625 0.4640625 0.06015625 0.05625
0 0.69921875 0.46171875 0.0875 0.06796875
0 0.603125 0.46328125 0.090625 0.0671875
0 0.55390625 0.41171875 0.0671875 0.06484375
0 0.31015625 0.68359375 0.09140625 0.065625
0 0.3 0.74609375 0.07734375 0.05859375
0 0.275 0.82421875 0.07578125 0.0640625
0 0.2515625 0.8859375 0.08671875 0.09609375
0 0.41796875 0.88203125 0.09140625 0.06015625
0 0.4078125 0.71796875 0.08359375 0.06015625
0 0.4984375 0.725 0.090625 0.075
0 0.59140625 0.71953125 0.075 0.0765625
0 0.5953125 0.7875 0.06875 0.05703125
0 0.684375 0.71640625 0.06875 0.040625
0 0.703125 0.77109375 0.059375 0.0703125
0 0.771875 0.68828125 0.090625 0.078125
0 0.9328125 0.6828125 0.06875 0.0890625
0 0.97265625 0.6359375 0.0546875 0.11640625
0 0.98203125 0.7328125 0.0359375 0.07734375
0 0.97890625 0.8015625 0.0421875 0.046875
0 0.91640625 0.75703125 0.071875 0.0734375
0 0.8640625 0.7828125 0.0390625 0.03671875
0 0.85859375 0.71328125 0.05 0.05546875
0 0.74765625 0.8546875 0.0984375 0.0921875
0 0.8125 0.90078125 0.0578125 0.06484375
0 0.875 0.96484375 0.090625 0.0703125
0 0.97109375 0.95546875 0.0578125 0.0609375
0 0.9859375 0.89609375 0.028125 0.0484375
0 0.884375 0.896875 0.05234375 0.05625
0 0.6609375 0.8625 0.07265625 0.071875
0 0.6828125 0.92734375 0.071875 0.06015625
0 0.71171875 0.98359375 0.05625 0.0328125
0 0.0296875 0.915625 0.059375 0.065625
0 0.03671875 0.9796875 0.0734375 0.040625
0 0.10078125 0.92890625 0.07734375 0.08671875
0 0.17578125 0.921875 0.09140625 0.0703125
0 0.28359375 0.96796875 0.08359375 0.06328125
0 0.37265625 0.96171875 0.07890625 0.0765625
0 0.45859375 0.9515625 0.08828125 0.0703125
0 0.46796875 0.9890625 0.090625 0.021875
0 0.1671875 0.825 0.08203125 0.0828125
0 0.1015625 0.81875 0.06796875 0.08984375
0 0.015625 0.84140625 0.03046875 0.03125
0 0.0375 0.78359375 0.075 0.059375
0 0.159375 0.75625 0.0703125 0.05703125
0 0.1296875 0.69296875 0.0671875 0.0546875
0 0.19375 0.67265625 0.06875 0.0703125
0 0.05 0.6953125 0.1 0.078125
0 0.14140625 0.6109375 0.07578125 0.08046875
0 0.0296875 0.53671875 0.05625 0.0515625
0 0.165625 0.5390625 0.090625 0.0625
0 0.04765625 0.60859375 0.09453125 0.0828125
0 0.5046875 0.809375 0.06875 0.0578125
0 0.58203125 0.85859375 0.06875 0.07421875
0 0.57890625 0.92890625 0.0484375 0.05390625
0 0.28984375 0.4546875 0.1203125 0.0765625
0 0.18359375 0.44765625 0.084375 0.06796875
0 0.0859375 0.471875 0.1140625 0.07421875
0 0.68203125 0.40078125 0.07734375 0.059375
0 0.746875 0.39296875 0.04609375 0.05
0 0.8421875 0.34609375 0.06015625 0.04296875
0 0.38984375 0.80390625 0.06796875 0.053125
0 0.44609375 0.7953125 0.04921875 0.0734375
0 0.221875 0.74296875 0.06328125 0.07421875
0 0.07265625 0.36953125 0.08671875 0.06015625
0 0.02578125 0.41328125 0.0515625 0.0765625
0 0.125 0.3078125 0.07890625 0.0625
0 0.19921875 0.2984375 0.07421875 0.0828125
0 0.27734375 0.28828125 0.07265625 0.06875
0 0.3828125 0.25 0.12109375 0.08515625
0 0.41171875 0.3390625 0.06484375 0.0609375
0 0.34609375 0.3546875 0.06328125 0.05859375
0 0.25078125 0.3703125 0.053125 0.05546875
0 0.19765625 0.375 0.0484375 0.0578125
0 0.4984375 0.32890625 0.07421875 0.08515625
0 0.5625 0.3015625 0.06171875 0.0671875
0 0.4859375 0.24765625 0.075 0.07109375
0 0.5578125 0.2390625 0.0671875 0.0640625
0 0.66953125 0.27265625 0.0703125 0.078125
0 0.76015625 0.31328125 0.0515625 0.05625
0 0.83515625 0.28984375 0.09453125 0.071875
0 0.925 0.27890625 0.0796875 0.0609375
0 0.9171875 0.34296875 0.06015625 0.0640625
0 0.95703125 0.4265625 0.02578125 0.0390625
0 0.97265625 0.20234375 0.0546875 0.0546875
0 0.98828125 0.25703125 0.02265625 0.040625
0 0.97734375 0.34921875 0.04453125 0.06171875
0 0.9890625 0.303125 0.021875 0.040625
0 0.0328125 0.221875 0.065625 0.071875
0 0.0578125 0.30859375 0.06015625 0.059375
0 0.53828125 0.0453125 0.103125 0.084375
0 0.3328125 0.03671875 0.12578125 0.0734375
0 0.3953125 0.09921875 0.11484375 0.08203125
0 0.421875 0.1796875 0.14296875 0.0890625
0 0.4859375 0.1078125 0.059375 0.0703125
0 0.63203125 0.096875 0.0703125 0.06953125
0 0.62734375 0.03203125 0.071875 0.0640625
0 0.71640625 0.0328125 0.1015625 0.065625
0 0.709375 0.096875 0.08203125 0.0640625
0 0.6 0.18203125 0.103125 0.0890625
0 0.8125 0.02265625 0.08359375 0.04453125
0 0.82421875 0.07421875 0.1 0.07421875
0 0.8078125 0.1421875 0.06875 0.05859375
0 0.82421875 0.20859375 0.0578125 0.07109375
0 0.8890625 0.2109375 0.0671875 0.07109375
0 0.89296875 0.11171875 0.08203125 0.1
0 0.8890625 0.025 0.07578125 0.04921875
0 0.9734375 0.0171875 0.05234375 0.034375
0 0.21796875 0.04375 0.10390625 0.06328125
0 0.28984375 0.1171875 0.13203125 0.08671875
0 0.31640625 0.1984375 0.0640625 0.0734375
0 0.23515625 0.20078125 0.08046875 0.05625
0 0.053125 0.04296875 0.10625 0.0859375
0 0.15234375 0.025 0.084375 0.05
0 0.1671875 0.0921875 0.11484375 0.0875
0 0.06484375 0.1296875 0.0890625 0.0765625
0 0.0171875 0.13671875 0.03359375 0.0859375
0 0.4515625 0.03515625 0.075 0.06953125
0 0.6671875 0.33828125 0.05234375 0.05