0 0.05390625 0.41015625 0.10546875 0.0953125
0 0.1578125 0.3828125 0.0953125 0.08125
0 0.265625 0.3546875 0.09921875 0.0875
0 0.38046875 0.3375 0.0953125 0.09375
0 0.48359375 0.31953125 0.090625 0.09375
0 0.6984375 0.2859375 0.09921875 0.06484375
0 0.72421875 0.16015625 0.1140625 0.1484375
0 0.79765625 0.3359375 0.1171875 0.0859375
0 0.80546875 0.275 0.1015625 0.053125
0 0.9515625 0.1015625 0.09609375 0.10546875
0 0.95625 0.0203125 0.0875 0.040625
0 0.784375 0.04765625 0.12265625 0.09453125
0 0.64609375 0.0453125 0.125 0.0890625
0 0.51953125 0.04765625 0.1234375 0.09453125
0 0.46953125 0.1171875 0.10703125 0.0875
0 0.35 0.21328125 0.06875 0.0546875
0 0.290625 0.26796875 0.07265625 0.06796875
0 0.0640625 0.3015625 0.10234375 0.10078125
0 0.18984375 0.2625 0.12109375 0.11171875
0 0.1859375 0.17421875 0.090625 0.07265625
0 0.059375 0.19765625 0.103125 0.09140625
0 0.29375 0.15703125 0.1 0.11953125
0 0.07890625 0.08359375 0.096875 0.10546875
0 0.19921875 0.0671875 0.10625 0.10625
0 0.0125 0.1140625 0.025 0.075
0 0.0125 0.0328125 0.025 0.065625
0 0.08671875 0.0171875 0.1015625 0.034375
0 0.3203125 0.0484375 0.125 0.096875
0 0.61875 0.159375 0.08828125 0.12265625
0 0.06875 0.58046875 0.1140625 0.09453125
0 0.08046875 0.49296875 0.0890625 0.075
0 0.196875 0.4703125 0.1171875 0.10859375
0 0.18671875 0.56875 0.1015625 0.10390625
0 0.30234375 0.53515625 0.1125 0.0921875
0 0.32109375 0.43125 0.09921875 0.09375
0 0.53046875 0.40546875 0.0984375 0.0875
0 0.52421875 0.5015625 0.09375 0.10234375
0 0.6453125 0.478125 0.1 0.11328125
0 0.67734375 0.36640625 0.11171875 0.084375
0 0.76484375 0.428125 0.0984375 0.10234375
0 0.90859375 0.3390625 0.06953125 0.07265625
0 0.9359375 0.21875 0.10546875 0.109375
0 0.95625 0.37578125 0.0875 0.1015625
0 0.93671875 0.58359375 0.10703125 0.11953125
0 0.75859375 0.534375 0.09921875 0.103125
0 0.6484375 0.58828125 0.10703125 0.090625
0 0.53125 0.6078125 0.10078125 0.08828125
0 0.42265625 0.62890625 0.0859375 0.1
0 0.4078125 0.5328125 0.0546875 0.06796875
0 0.32890625 0.6390625 0.11171875 0.10390625
0 0.21171875 0.659375 0.11640625 0.10234375
0 0.09921875 0.68828125 0.10078125 0.1265625
0 0.021875 0.71328125 0.04375 0.0828125
0 0.04765625 0.80234375 0.0953125 0.1015625
0 0.15390625 0.77890625 0.096875 0.11328125
0 0.259375 0.7578125 0.09140625 0.10703125
0 0.37421875 0.72578125 0.1046875 0.1015625
0 0.4828125 0.70703125 0.10078125 0.1
0 0.58203125 0.68359375 0.0921875 0.1015625
0 0.68359375 0.65859375 0.1109375 0.09453125
0 0.796875 0.62890625 0.11328125 0.10390625
0 0.9609375 0.715625 0.078125 0.1046875
0 0.859375 0.72421875 0.11796875 0.1171875
0 0.73359375 0.746875 0.128125 0.11171875
0 0.5453125 0.80234375 0.13828125 0.1
0 0.31015625 0.840625 0.1359375 0.11640625
0 0.415625 0.846875 0.09140625 0.10546875
0 0.0609375 0.9328125 0.121875 0.134375
0 0.10703125 0.90234375 0.08671875 0.084375
0 0.209375 0.946875 0.16171875 0.10625
0 0.353125 0.9328125 0.05625 0.06328125
0 0.46640625 0.96875 0.15703125 0.0625
0 0.5203125 0.90859375 0.08515625 0.084375
0 0.6234375 0.95859375 0.11875 0.0828125
0 0.63671875 0.86796875 0.11484375 0.1
0 0.7328125 0.95703125 0.090625 0.0859375
0 0.765625 0.84921875 0.12109375 0.11953125
0 0.8484375 0.82734375 0.10859375 0.15078125
0 0.8359375 0.9484375 0.109375 0.103125
0 0.946875 0.93359375 0.10625 0.1328125
0 0.83359375 0.45078125 0.07578125 0.0875