0 0.028125 0.0265625 0.05390625 0.05234375
0 0.1 0.02890625 0.065625 0.0578125
0 0.28203125 0.01484375 0.0359375 0.0296875
0 0.3421875 0.0390625 0.084375 0.078125
0 0.415625 0.025 0.05703125 0.05
0 0.63671875 0.0796875 0.09453125 0.075
0 0.61875 0.0234375 0.05703125 0.046875
0 0.8921875 0.05 0.0890625 0.0703125
0 0.80625 0.0546875 0.06953125 0.06796875
0 0.86953125 0.12578125 0.08125 0.0875
0 0.965625 0.10234375 0.06875 0.0765625
0 0.70703125 0.01484375 0.0734375 0.0296875
0 0.79140625 0.0125 0.05390625 0.025
0 0.5390625 0.0609375 0.09140625 0.10546875
0 0.43125 0.0984375 0.090625 0.08046875
0 0.41484375 0.17421875 0.0875 0.06953125
0 0.5 0.15703125 0.06875 0.07734375
0 0.503125 0.25078125 0.08515625 0.09296875
0 0.59140625 0.23203125 0.0859375 0.0890625
0 0.60546875 0.14765625 0.09375 0.0671875
0 0.56875 0.31015625 0.06796875 0.07265625
0 0.52421875 0.38828125 0.0484375 0.05703125
0 0.65859375 0.28984375 0.08125 0.08828125
0 0.69140625 0.23046875 0.078125 0.07578125
0 0.77265625 0.1421875 0.075 0.08515625
0 0.9203125 0.25625 0.06875 0.084375
0 0.9328125 0.17578125 0.0859375 0.07890625
0 0.98125 0.33125 0.0375 0.1125
0 0.825 0.34296875 0.06953125 0.05234375
0 0.82265625 0.27265625 0.096875 0.0875
0 0.840625 0.2015625 0.075 0.0578125
0 0.9890625 0.1796875 0.021875 0.071875
0 0.340625 0.27578125 0.0796875 0.0875
0 0.42421875 0.2765625 0.078125 0.07265625
0 0.325 0.1921875 0.08671875 0.0828125
0 0.34296875 0.1234375 0.07421875 0.06015625
0 0.2328125 0.06171875 0.05546875 0.04921875
0 0.1421875 0.07734375 0.0859375 0.071875
0 0.1640625 0.14609375 0.065625 0.07265625
0 0.08203125 0.15 0.07890625 0.07578125
0 0.04453125 0.228125 0.07734375 0.06953125
0 0.1390625 0.21640625 0.0578125 0.0625
0 0.24921875 0.2984375 0.0984375 0.1015625
0 0.11171875 0.36171875 0.09140625 0.065625
0 0.03203125 0.38359375 0.0640625 0.0828125
0 0.03203125 0.3046875 0.0640625 0.07890625
0 0.09921875 0.29453125 0.08359375 0.07265625
0 0.08125 0.44921875 0.07734375 0.06640625
0 0.16015625 0.42890625 0.0765625 0.05625
0 0.2015625 0.3609375 0.0578125 0.06484375
0 0.24453125 0.4109375 0.10546875 0.0953125
0 0.3625 0.40546875 0.06484375 0.0734375
0 0.4109375 0.46640625 0.07421875 0.065625
0 0.32265625 0.48671875 0.08125 0.07734375
0 0.2140625 0.503125 0.08515625 0.06953125
0 0.11796875 0.52265625 0.0875 0.08515625
0 0.03984375 0.53515625 0.0796875 0.084375
0 0.03515625 0.6015625 0.0625 0.06015625
0 0.11171875 0.65703125 0.09140625 0.07265625
0 0.10546875 0.59921875 0.08828125 0.05234375
0 0.20078125 0.5734375 0.0875 0.0640625
0 0.284375 0.56953125 0.0796875 0.0703125
0 0.36875 0.55234375 0.0796875 0.07265625
0 0.4625 0.54296875 0.103125 0.096875
0 0.5515625 0.52890625 0.071875 0.08828125
0 0.58515625 0.45625 0.05390625 0.05078125
0 0.6296875 0.51171875 0.0609375 0.07578125
0 0.640625 0.4484375 0.05 0.0546875
0 0.659375 0.37421875 0.0671875 0.0640625
0 0.72421875 0.3515625 0.0640625 0.05546875
0 0.7265625 0.28671875 0.0578125 0.05234375
0 0.75234375 0.4328125 0.06015625 0.04609375
0 0.7109375 0.5078125 0.0765625 0.06796875
0 0.80859375 0.49296875 0.07578125 0.0671875
0 0.88203125 0.48359375 0.07265625 0.06953125
0 0.96015625 0.4609375 0.0796875 0.084375
0 0.93359375 0.41015625 0.07109375 0.07421875
0 0.8625 0.42578125 0.06953125 0.0546875
0 0.90703125 0.3359375 0.08203125 0.08203125
0 0.55546875 0.36796875 0.03828125 0.0484375
0 0.03203125 0.66953125 0.0640625 0.07734375
0 0.19921875 0.64921875 0.08828125 0.071875
0 0.28984375 0.64296875 0.0796875 0.07734375
0 0.371875 0.6265625 0.07578125 0.07578125
0 0.459375 0.625 0.10234375 0.0765625
0 0.559375 0.60625 0.0953125 0.06484375
0 0.6453125 0.584375 0.053125 0.05546875
0 0.7390625 0.56796875 0.06875 0.06328125
0 0.82890625 0.553125 0.06640625 0.05859375
0 0.93046875 0.55 0.08203125 0.07734375
0 0.9890625 0.54140625 0.021875 0.0546875
0 0.0265625 0.7296875 0.0515625 0.04609375
0 0.20546875 0.72890625 0.0734375 0.07421875
0 0.2859375 0.71953125 0.07421875 0.075
0 0.38984375 0.7 0.07734375 0.07734375
0 0.4953125 0.68203125 0.10546875 0.06171875
0 0.6 0.6671875 0.0765625 0.07265625
0 0.784375 0.6359375 0.075 0.078125
0 0.8703125 0.62578125 0.07265625 0.07734375
0 0.959375 0.615625 0.0609375 0.0734375
0 0.9671875 0.6984375 0.065625 0.078125
0 0.7953125 0.72421875 0.06171875 0.07109375
0 0.7078125 0.7390625 0.06875 0.05390625
0 0.6171875 0.7625 0.046875 0.0484375
0 0.53125 0.7484375 0.090625 0.08203125
0 0.45078125 0.75625 0.06953125 0.0796875
0 0.35859375 0.784375 0.0640625 0.07734375
0 0.275 0.7984375 0.08828125 0.075
0 0.1859375 0.80234375 0.08671875 0.07578125
0 0.08515625 0.82265625 0.07734375 0.05625
0 0.02734375 0.821875 0.0546875 0.10703125
0 0.04375 0.9015625 0.084375 0.0640625
0 0.17421875 0.87734375 0.08984375 0.0671875
0 0.26640625 0.865625 0.0921875 0.06328125
0 0.3515625 0.84296875 0.075 0.05234375
0 0.43671875 0.82421875 0.0796875 0.06015625
0 0.52578125 0.81953125 0.07421875 0.05625
0 0.603125 0.815625 0.06171875 0.05234375
0 0.69609375 0.809375 0.103125 0.06484375
0 0.78515625 0.78515625 0.0671875 0.0546875
0 0.9484375 0.78125 0.0703125 0.06640625
0 0.99296875 0.809375 0.0140625 0.040625
0 0.915625 0.84375 0.08125 0.08359375
0 0.821875 0.85 0.090625 0.08984375
0 0.740625 0.86015625 0.07578125 0.06875
0 0.65546875 0.875 0.09296875 0.0765625
0 0.57421875 0.87578125 0.0515625 0.05859375
0 0.50546875 0.890625 0.103125 0.07109375
0 0.4140625 0.8984375 0.078125 0.08125
0 0.346875 0.909375 0.07734375 0.06953125
0 0.265625 0.9296875 0.08359375 0.0703125
0 0.16796875 0.95078125 0.1125 0.08359375
0 0.05546875 0.96328125 0.1078125 0.0734375
0 0.2625 0.97890625 0.0953125 0.0421875
0 0.35390625 0.9703125 0.0953125 0.059375
0 0.4453125 0.96796875 0.09609375 0.0640625
0 0.54453125 0.96328125 0.0796875 0.0734375
0 0.60625 0.953125 0.075 0.08125
0 0.69765625 0.95546875 0.0984375 0.0890625
0 0.78203125 0.9265625 0.0875 0.071875
0 0.79296875 0.97890625 0.0859375 0.0421875
0 0.85703125 0.9125 0.07734375 0.0734375
0 0.96015625 0.89765625 0.0796875 0.0890625
0 0.97890625 0.96953125 0.0421875 0.0609375
0 0.9015625 0.978125 0.078125 0.04375