0 0.55625 0.1953125 0.121875 0.11640625
0 0.43125 0.2390625 0.10234375 0.12109375
0 0.32265625 0.115625 0.1234375 0.14765625
0 0.459375 0.08828125 0.0921875 0.125
0 0.56953125 0.06953125 0.1390625 0.13359375
0 0.2828125 0.0296875 0.121875 0.059375
0 0.4140625 0.01953125 0.0875 0.034375
0 0.45703125 0.33671875 0.0796875 0.0609375
0 0.54609375 0.41484375 0.12109375 0.1140625
0 0.61171875 0.26875 0.1140625 0.06953125
0 0.65234375 0.31171875 0.071875 0.07890625
0 0.7296875 0.23125 0.11328125 0.11640625
0 0.66640625 0.1640625 0.08671875 0.09375
0 0.68828125 0.0421875 0.0890625 0.084375
0 0.83125 0.021875 0.07734375 0.04375
0 0.984375 0.0390625 0.03125 0.078125
0 0.8015625 0.33203125 0.11484375 0.11015625
0 0.8046875 0.453125 0.121875 0.13984375
0 0.9421875 0.415625 0.10390625 0.1125
0 0.95859375 0.31328125 0.07421875 0.08203125
0 0.95859375 0.95546875 0.0828125 0.08828125
0 0.85234375 0.95078125 0.09453125 0.0984375
0 0.746875 0.9578125 0.071875 0.084375
0 0.3609375 0.93828125 0.0765625 0.06796875
0 0.203125 0.9796875 0.059375 0.040625
0 0.06875 0.9765625 0.090625 0.046875
0 0.04765625 0.78125 0.0921875 0.1375
0 0.03203125 0.9078125 0.06328125 0.09140625
0 0.0421875 0.4671875 0.084375 0.10625
0 0.0390625 0.56171875 0.07734375 0.1265625
0 0.10625 0.6703125 0.10234375 0.1171875
0 0.0421875 0.3109375 0.084375 0.10625
0 0.075 0.3953125 0.1 0.08203125
0 0.1421875 0.4984375 0.10546875 0.121875
0 0.24609375 0.37734375 0.0859375 0.09296875
0 0.0625 0.1890625 0.0515625 0.071875
0 0.06484375 0.1234375 0.07578125 0.0765625
0 0.01875 0.0546875 0.03671875 0.0671875
0 0.090625 0.01484375 0.0765625 0.0296875
0 0.1953125 0.18125 0.0625 0.059375
0 0.34375 0.296875 0.071875 0.0625
0 0.28203125 0.2296875 0.10703125 0.05859375
0 0.51796875 0.31015625 0.08828125 0.075
0 0.39765625 0.5578125 0.09140625 0.10859375
0 0.4328125 0.66875 0.11953125 0.121875
0 0.4578125 0.784375 0.1125 0.103125
0 0.5484375 0.86015625 0.07734375 0.08359375
0 0.5796875 0.771875 0.103125 0.11484375
0 0.77421875 0.83203125 0.08359375 0.09296875
0 0.48046875 0.5078125 0.0890625 0.0703125
0 0.24609375 0.60234375 0.11796875 0.09765625
0 0.28125 0.48828125 0.1 0.10546875
0 0.30390625 0.71328125 0.12265625 0.1140625
0 0.27578125 0.8390625 0.13203125 0.1421875
0 0.58125 0.63984375 0.10859375 0.1078125
0 0.75078125 0.58515625 0.13046875 0.128125
0 0.7328125 0.7171875 0.0921875 0.10546875
0 0.9078125 0.6578125 0.09453125 0.11796875
0 0.98046875 0.6359375 0.03828125 0.0765625
0 0.98203125 0.76796875 0.0359375 0.05390625
0 0.9765625 0.865625 0.046875 0.065625
0 0.65703125 0.5296875 0.08125 0.0796875
0 0.77578125 0.11328125 0.0984375 0.08515625