0 0.275 0.33125 0.06171875 0.0515625
0 0.22421875 0.36953125 0.08984375 0.0671875
0 0.16484375 0.3296875 0.06796875 0.06171875
0 0.12734375 0.446875 0.0734375 0.08359375
0 0.1 0.32265625 0.07265625 0.090625
0 0.04453125 0.34296875 0.06171875 0.08671875
0 0.3359375 0.3671875 0.05859375 0.0640625
0 0.72421875 0.46796875 0.05859375 0.0609375
0 0.63671875 0.47578125 0.065625 0.0609375
0 0.54609375 0.490625 0.06875 0.07421875
0 0.57109375 0.5625 0.06640625 0.0609375
0 0.47421875 0.57734375 0.08515625 0.09609375
0 0.421875 0.45703125 0.071875 0.07421875
0 0.4453125 0.38828125 0.0359375 0.059375
0 0.52421875 0.6546875 0.05078125 0.05
0 0.40625 0.7421875 0.06015625 0.05625
0 0.40703125 0.8109375 0.0734375 0.06328125
0 0.66796875 0.690625 0.06328125 0.059375
0 0.62734375 0.73671875 0.06640625 0.08046875
0 0.36640625 0.59296875 0.075 0.08359375
0 0.3578125 0.51484375 0.07109375 0.06640625
0 0.36796875 0.4390625 0.05703125 0.07578125
0 0.30078125 0.44765625 0.06796875 0.078125
0 0.03046875 0.2671875 0.05546875 0.059375
0 0.14296875 0.5859375 0.08515625 0.084375
0 0.2359375 0.56875 0.09453125 0.1171875
0 0.25859375 0.6828125 0.0609375 0.0421875
0 0.33046875 0.69296875 0.08671875 0.06875
0 0.32734375 0.75703125 0.071875 0.0640625
0 0.32265625 0.825 0.0875 0.07265625
0 0.4453125 0.896875 0.0703125 0.08828125
0 0.425 0.98203125 0.0625 0.0359375
0 0.38359375 0.91328125 0.10390625 0.11171875
0 0.22890625 0.840625 0.08515625 0.08359375
0 0.1984375 0.78125 0.03984375 0.03828125
0 0.1796875 0.684375 0.07734375 0.0546875
0 0.13359375 0.64453125 0.0625 0.04921875
0 0.0375 0.615625 0.075 0.1
0 0.0375 0.5375 0.07421875 0.06171875
0 0.05234375 0.78125 0.090625 0.0875
0 0.13828125 0.76171875 0.075 0.08046875
0 0.1328125 0.84296875 0.07421875 0.05625
0 0.10078125 0.91875 0.06328125 0.075
0 0.0375 0.94140625 0.06796875 0.11328125
0 0.1125 0.9796875 0.06875 0.040625
0 0.20859375 0.97734375 0.05234375 0.0453125
0 0.17734375 0.8984375 0.0609375 0.0640625
0 0.2703125 0.9078125 0.071875 0.0703125
0 0.30078125 0.9625 0.071875 0.0703125
0 0.3515625 0.98671875 0.034375 0.0265625
0 0.62109375 0.84375 0.078125 0.05859375
0 0.59453125 0.91796875 0.0390625 0.04453125
0 0.69296875 0.909375 0.0515625 0.05703125
0 0.7890625 0.97109375 0.078125 0.0578125
0 0.70546875 0.98203125 0.0515625 0.0359375
0 0.88984375 0.97109375 0.0609375 0.0578125
0 0.96171875 0.90546875 0.06640625 0.06953125
0 0.7828125 0.82421875 0.0546875 0.06328125
0 0.7859375 0.5953125 0.05078125 0.06875
0 0.95859375 0.5890625 0.06171875 0.0796875
0 0.89453125 0.53671875 0.059375 0.04765625
0 0.89140625 0.59375 0.0578125 0.05625
0 0.91796875 0.6578125 0.06484375 0.06015625
0 0.96015625 0.721875 0.0796875 0.0890625
0 0.759375 0.67578125 0.0609375 0.0703125
0 0.9 0.825 0.05625 0.0578125
0 0.8609375 0.9046875 0.06328125 0.071875
0 0.68203125 0.553125 0.0515625 0.06015625
0 0.69140625 0.84453125 0.0671875 0.0546875
0 0.78046875 0.525 0.08671875 0.06796875