0 0.34296875 0.1046875 0.1265625 0.13515625
0 0.40703125 0.03671875 0.11875 0.0734375
0 0.49140625 0.03046875 0.04609375 0.059375
0 0.296875 0.02578125 0.09375 0.0515625
0 0.221875 0.0578125 0.103125 0.115625
0 0.12421875 0.0921875 0.08203125 0.1265625
0 0.13046875 0.0296875 0.0828125 0.059375
0 0.0421875 0.06015625 0.08046875 0.11953125
0 0.084375 0.1484375 0.05703125 0.06796875
0 0.55078125 0.0296875 0.0609375 0.059375
0 0.6234375 0.025 0.071875 0.05
0 0.70078125 0.04140625 0.0828125 0.0828125
0 0.7984375 0.05703125 0.109375 0.1140625
0 0.88125 0.05625 0.05546875 0.10703125
0 0.92578125 0.0515625 0.0421875 0.103125
0 0.9734375 0.04453125 0.053125 0.0890625
0 0.96796875 0.11953125 0.05703125 0.0609375
0 0.91171875 0.1671875 0.10703125 0.09765625
0 0.7390625 0.16640625 0.071875 0.0921875
0 0.81796875 0.2671875 0.1140625 0.13046875
0 0.81328125 0.18203125 0.06328125 0.05390625
0 0.9390625 0.2890625 0.121875 0.140625
0 0.89921875 0.23203125 0.06171875 0.05
0 0.6140625 0.153125 0.06953125 0.19453125
0 0.67578125 0.14140625 0.05703125 0.1734375
0 0.5203125 0.140625 0.103125 0.15078125
0 0.43671875 0.09921875 0.0640625 0.05234375
0 0.4109375 0.2125 0.053125 0.08046875
0 0.4703125 0.225 0.05703125 0.07578125
0 0.534375 0.2625 0.075 0.075
0 0.7078125 0.26953125 0.1125 0.084375
0 0.603125 0.33515625 0.1140625 0.12265625
0 0.2296875 0.1609375 0.10078125 0.0953125
0 0.146875 0.2 0.065625 0.09609375
0 0.0296875 0.2125 0.05859375 0.121875
0 0.04921875 0.38984375 0.09765625 0.12421875
0 0.12890625 0.33046875 0.1078125 0.13984375
0 0.2234375 0.31484375 0.09140625 0.1109375
0 0.334375 0.30546875 0.1171875 0.18671875
0 0.4421875 0.3515625 0.09296875 0.128125
0 0.5171875 0.34609375 0.07265625 0.1078125
0 0.70703125 0.39453125 0.1203125 0.115625
0 0.840625 0.40234375 0.14765625 0.11796875
0 0.96015625 0.44609375 0.0796875 0.0953125
0 0.971875 0.54375 0.05625 0.11875
0 0.96328125 0.6734375 0.0734375 0.14375
0 0.984375 0.7859375 0.03125 0.075
0 0.92578125 0.90859375 0.1453125 0.1828125
0 0.809375 0.9421875 0.084375 0.115625
0 0.69375 0.94921875 0.13984375 0.1015625
0 0.63671875 0.85703125 0.1359375 0.128125
0 0.73984375 0.83984375 0.065625 0.09921875
0 0.83828125 0.7546875 0.13828125 0.20546875
0 0.93359375 0.7765625 0.06796875 0.08828125
0 0.88671875 0.5296875 0.109375 0.134375
0 0.92421875 0.60234375 0.06796875 0.1109375
0 0.84375 0.6140625 0.11171875 0.0828125
0 0.75703125 0.50390625 0.15 0.10234375
0 0.7125 0.64375 0.1140625 0.09296875
0 0.71484375 0.54921875 0.0828125 0.0921875
0 0.640625 0.71953125 0.14609375 0.1453125
0 0.59609375 0.6046875 0.1203125 0.1265625
0 0.59296875 0.46640625 0.1921875 0.13046875
0 0.428125 0.471875 0.11953125 0.1296875
0 0.4875 0.58203125 0.10078125 0.146875
0 0.48203125 0.7375 0.13046875 0.15078125
0 0.53671875 0.86796875 0.0640625 0.08828125
0 0.55390625 0.96328125 0.0703125 0.0734375
0 0.47109375 0.9234375 0.1171875 0.153125
0 0.38046875 0.93359375 0.0828125 0.13046875
0 0.40625 0.79921875 0.1125 0.13046875
0 0.36015625 0.68203125 0.10234375 0.1125
0 0.38828125 0.596875 0.08515625 0.1015625
0 0.328125 0.47421875 0.09140625 0.13359375
0 0.265625 0.5796875 0.14609375 0.11640625
0 0.2078125 0.44296875 0.13671875 0.14375
0 0.04140625 0.54453125 0.0828125 0.1890625
0 0.1234375 0.51953125 0.08671875 0.19921875
0 0.14453125 0.6265625 0.0984375 0.09140625
0 0.0703125 0.6765625 0.1015625 0.0875
0 0.22421875 0.6859375 0.1484375 0.14140625
0 0.2859375 0.80703125 0.121875 0.12578125
0 0.28671875 0.925 0.09609375 0.121875
0 0.23515625 0.98828125 0.0921875 0.0234375
0 0.1265625 0.98671875 0.07578125 0.02421875
0 0.15859375 0.890625 0.16171875 0.171875
0 0.12265625 0.76328125 0.11640625 0.1015625
0 0.03828125 0.77890625 0.0765625 0.1796875
0 0.046875 0.93359375 0.09375 0.1328125