0 0.53125 0.3390625 0.159375 0.171875
0 0.61640625 0.271875 0.0890625 0.06640625
0 0.39375 0.3125 0.11953125 0.15234375
0 0.37734375 0.43984375 0.146875 0.10859375
0 0.4421875 0.5625 0.18515625 0.1375
0 0.51640625 0.45859375 0.1203125 0.08359375
0 0.6046875 0.534375 0.08515625 0.121875
0 0.63203125 0.44453125 0.096875 0.084375
0 0.79140625 0.41796875 0.12421875 0.10546875
0 0.70078125 0.353125 0.1828125 0.1625
0 0.73515625 0.22265625 0.1046875 0.11015625
0 0.878125 0.2984375 0.20234375 0.1625
0 0.9640625 0.43359375 0.071875 0.1140625
0 0.890625 0.415625 0.08203125 0.07265625
0 0.8609375 0.4953125 0.096875 0.0609375
0 0.94609375 0.56015625 0.10703125 0.12578125
0 0.9390625 0.68203125 0.121875 0.1171875
0 0.8296875 0.61171875 0.11015625 0.11328125
0 0.709375 0.56171875 0.1578125 0.17421875
0 0.79453125 0.7078125 0.14765625 0.12578125
0 0.8984375 0.83515625 0.203125 0.1390625
0 0.9171875 0.95390625 0.165625 0.0921875
0 0.73984375 0.9015625 0.11640625 0.10546875
0 0.6046875 0.93359375 0.1515625 0.1328125
0 0.615625 0.8265625 0.1421875 0.0984375
0 0.66796875 0.7390625 0.15390625 0.19921875
0 0.51796875 0.70546875 0.178125 0.125
0 0.4796875 0.8234375 0.190625 0.10859375
0 0.41484375 0.91875 0.23671875 0.1625
0 0.09765625 0.96875 0.1328125 0.0625
0 0.01484375 0.97578125 0.02734375 0.0484375
0 0.2578125 0.9546875 0.103125 0.090625
0 0.26328125 0.86484375 0.0890625 0.0828125
0 0.13984375 0.86640625 0.1578125 0.1578125
0 0.37109375 0.72890625 0.11328125 0.16796875
0 0.26171875 0.725 0.1375 0.1734375
0 0.0296875 0.771875 0.059375 0.128125
0 0.03046875 0.89609375 0.0609375 0.0828125
0 0.01484375 0.64765625 0.0296875 0.084375
0 0.12265625 0.721875 0.159375 0.13125
0 0.1015625 0.5421875 0.2015625 0.21015625
0 0.084375 0.3515625 0.16796875 0.18125
0 0.240625 0.41328125 0.14609375 0.1296875
0 0.26875 0.55390625 0.16015625 0.1609375
0 0.21796875 0.3109375 0.11015625 0.08828125
0 0.2 0.20390625 0.0953125 0.12734375
0 0.303125 0.19609375 0.1421875 0.16015625
0 0.0375 0.11171875 0.075 0.2234375
0 0.1125 0.13125 0.0875 0.2625
0 0.29921875 0.0703125 0.2359375 0.140625
0 0.546875 0.14296875 0.28203125 0.1921875
0 0.70234375 0.0625 0.1390625 0.121875
0 0.8984375 0.03671875 0.203125 0.0734375
0 0.875 0.146875 0.24140625 0.1515625