0 0.75546875 0.7890625 0.1109375 0.10078125
0 0.60390625 0.8328125 0.08046875 0.0953125
0 0.8828125 0.74375 0.1078125 0.10234375
0 0.95859375 0.5984375 0.0828125 0.1296875
0 0.8421875 0.63515625 0.11953125 0.103125
0 0.87421875 0.4671875 0.1078125 0.11171875
0 0.48203125 0.73046875 0.11484375 0.10390625
0 0.09453125 0.73515625 0.115625 0.084375
0 0.021875 0.64765625 0.04375 0.0765625
0 0.0578125 0.321875 0.115625 0.11875
0 0.1234375 0.60703125 0.125 0.084375
0 0.240625 0.5703125 0.09609375 0.084375
0 0.29609375 0.66171875 0.0890625 0.05703125
0 0.228125 0.7046875 0.09609375 0.0953125
0 0.14765625 0.46953125 0.16171875 0.1265625
0 0.20625 0.29609375 0.09140625 0.10390625
0 0.3671875 0.253125 0.0921875 0.11484375
0 0.546875 0.11484375 0.08046875 0.0890625
0 0.70234375 0.084375 0.10078125 0.08984375
0 0.953125 0.0703125 0.09375 0.11015625
0 0.69921875 0.20546875 0.1234375 0.10703125
0 0.5671875 0.234375 0.08671875 0.08046875
0 0.62421875 0.4328125 0.06796875 0.10390625
0 0.4765625 0.47578125 0.09296875 0.09453125
0 0.984375 0.3 0.03125 0.06015625
0 0.25703125 0.1703125 0.09140625 0.09921875
0 0.11171875 0.18671875 0.11328125 0.115625
0 0.43046875 0.13828125 0.0890625 0.0890625
0 0.38828125 0.04140625 0.1328125 0.0828125
0 0.68515625 0.2921875 0.0875 0.0859375
0 0.6796875 0.375 0.078125 0.0734375
0 0.34609375 0.76328125 0.084375 0.078125
0 0.44453125 0.62890625 0.0765625 0.0734375
0 0.66640625 0.6859375 0.0515625 0.0515625
0 0.596875 0.60703125 0.04765625 0.0421875